192,192,297,5,0,0:0:0:0:
320,192,338,1,0,0:0:0:0:
448,192,379,1,0,0:0:0:0:
64,192,379,1,0,0:0:0:0:
192,192,705,1,0,0:0:0:0:
320,192,868,1,0,0:0:0:0:
448,192,868,1,0,0:0:0:0:
64,192,1357,1,0,0:0:0:0:
192,192,1683,1,0,0:0:0:0:
448,192,1683,1,0,0:0:0:0:
64,192,1683,1,0,0:0:0:0:
320,192,2009,1,0,0:0:0:0:
64,192,2172,1,0,0:0:0:0:
192,192,2172,1,0,0:0:0:0:
448,192,2661,1,0,0:0:0:0:
320,192,2824,1,0,0:0:0:0:
192,192,2987,1,0,0:0:0:0:
64,192,2987,1,0,0:0:0:0:
448,192,2987,1,0,0:0:0:0:
192,192,3313,1,0,0:0:0:0:
320,192,3476,1,0,0:0:0:0:
448,192,3476,1,0,0:0:0:0:
64,192,3965,1,0,0:0:0:0:
448,192,3965,1,0,0:0:0:0:
192,192,4292,1,0,0:0:0:0:
320,192,4292,1,0,0:0:0:0:
64,192,4292,1,0,0:0:0:0:
448,192,4618,1,0,0:0:0:0:
64,192,4618,1,0,0:0:0:0:
192,192,4618,1,0,0:0:0:0:
192,192,4781,1,0,0:0:0:0:
448,192,4781,1,0,0:0:0:0:
64,192,4944,1,0,0:0:0:0:
448,192,4944,1,0,0:0:0:0:
320,192,4944,1,0,0:0:0:0:
64,192,5107,1,0,0:0:0:0:
320,192,5107,1,0,0:0:0:0:
64,192,5270,1,0,0:0:0:0:
448,192,5270,1,0,0:0:0:0:
192,192,5270,1,0,0:0:0:0:
448,192,5433,1,0,0:0:0:0:
192,192,5433,1,0,0:0:0:0:
448,192,5596,1,0,0:0:0:0:
320,192,5596,1,0,0:0:0:0:
64,192,5596,128,0,6900:0:0:0:0:
320,192,5922,1,0,0:0:0:0:
320,192,6085,128,0,6900:0:0:0:0:
448,192,6900,128,0,8205:0:0:0:0:
192,192,6900,1,0,0:0:0:0:
64,192,7226,1,0,0:0:0:0:
64,192,7389,128,0,8205:0:0:0:0:
192,192,8205,128,0,9509:0:0:0:0:
320,192,8205,1,0,0:0:0:0:
448,192,8531,1,0,0:0:0:0:
448,192,8694,128,0,9509:0:0:0:0:
320,192,9509,1,0,0:0:0:0:
64,192,9509,1,0,0:0:0:0:
64,192,10813,1,0,0:0:0:0:
192,192,10813,1,0,0:0:0:0:
448,192,10813,1,0,0:0:0:0:
448,192,11139,1,0,0:0:0:0:
320,192,11465,1,0,0:0:0:0:
192,192,11465,1,0,0:0:0:0:
64,192,11465,1,0,0:0:0:0:
192,192,11792,1,0,0:0:0:0:
320,192,12118,1,0,0:0:0:0:
448,192,12118,1,0,0:0:0:0:
64,192,12118,1,0,0:0:0:0:
320,192,12444,1,0,0:0:0:0:
192,192,12770,1,0,0:0:0:0:
64,192,12770,1,0,0:0:0:0:
448,192,12770,1,0,0:0:0:0:
64,192,13096,1,0,0:0:0:0:
192,192,13422,1,0,0:0:0:0:
320,192,13422,1,0,0:0:0:0:
448,192,13422,1,0,0:0:0:0:
64,192,13748,1,0,0:0:0:0:
320,192,13748,1,0,0:0:0:0:
192,192,14074,1,0,0:0:0:0:
64,192,14074,1,0,0:0:0:0:
448,192,14074,1,0,0:0:0:0:
320,192,14400,1,0,0:0:0:0:
448,192,14400,1,0,0:0:0:0:
320,192,14726,1,0,0:0:0:0:
192,192,14726,1,0,0:0:0:0:
64,192,14726,1,0,0:0:0:0:
192,192,15052,1,0,0:0:0:0:
448,192,15052,1,0,0:0:0:0:
320,192,15215,1,0,0:0:0:0:
192,192,15378,1,0,0:0:0:0:
64,192,15378,1,0,0:0:0:0:
448,192,15378,1,0,0:0:0:0:
320,192,15705,1,0,0:0:0:0:
192,192,15705,1,0,0:0:0:0:
320,192,16031,1,0,0:0:0:0:
448,192,16031,1,0,0:0:0:0:
64,192,16031,1,0,0:0:0:0:
192,192,16357,1,0,0:0:0:0:
64,192,16357,1,0,0:0:0:0:
448,192,16357,1,0,0:0:0:0:
320,192,16574,1,0,0:0:0:0:
448,192,16574,1,0,0:0:0:0:
64,192,16683,1,0,0:0:0:0:
192,192,16683,1,0,0:0:0:0:
192,192,16900,1,0,0:0:0:0:
64,192,16900,1,0,0:0:0:0:
448,192,17009,1,0,0:0:0:0:
320,192,17009,1,0,0:0:0:0:
320,192,17226,1,0,0:0:0:0:
448,192,17226,1,0,0:0:0:0:
192,192,17335,1,0,0:0:0:0:
64,192,17335,1,0,0:0:0:0:
320,192,17552,1,0,0:0:0:0:
448,192,17552,1,0,0:0:0:0:
192,192,17661,1,0,0:0:0:0:
64,192,17661,1,0,0:0:0:0:
64,192,17878,1,0,0:0:0:0:
192,192,17878,1,0,0:0:0:0:
320,192,17987,1,0,0:0:0:0:
448,192,17987,1,0,0:0:0:0:
64,192,18313,1,0,0:0:0:0:
448,192,18313,1,0,0:0:0:0:
192,192,18313,1,0,0:0:0:0:
320,192,18639,1,0,0:0:0:0:
448,192,18639,1,0,0:0:0:0:
64,192,18639,1,0,0:0:0:0:
192,192,18965,1,0,0:0:0:0:
320,192,19128,1,0,0:0:0:0:
448,192,19292,1,0,0:0:0:0:
64,192,19292,1,0,0:0:0:0:
320,192,19618,1,0,0:0:0:0:
192,192,19618,1,0,0:0:0:0:
64,192,19944,1,0,0:0:0:0:
448,192,19944,1,0,0:0:0:0:
320,192,20107,1,0,0:0:0:0:
192,192,20270,1,0,0:0:0:0:
320,192,20270,1,0,0:0:0:0:
192,192,20433,1,0,0:0:0:0:
64,192,20596,1,0,0:0:0:0:
448,192,20596,1,0,0:0:0:0:
320,192,20922,1,0,0:0:0:0:
192,192,20922,1,0,0:0:0:0:
64,192,21248,1,0,0:0:0:0:
320,192,21248,1,0,0:0:0:0:
448,192,21248,1,0,0:0:0:0:
448,192,21574,1,0,0:0:0:0:
320,192,21900,1,0,0:0:0:0:
192,192,21900,1,0,0:0:0:0:
64,192,21900,1,0,0:0:0:0:
64,192,22226,1,0,0:0:0:0:
192,192,22552,1,0,0:0:0:0:
320,192,22552,1,0,0:0:0:0:
448,192,22552,1,0,0:0:0:0:
320,192,22878,1,0,0:0:0:0:
64,192,23205,1,0,0:0:0:0:
192,192,23205,1,0,0:0:0:0:
448,192,23205,1,0,0:0:0:0:
192,192,23531,1,0,0:0:0:0:
320,192,23857,1,0,0:0:0:0:
448,192,23857,1,0,0:0:0:0:
64,192,23857,1,0,0:0:0:0:
192,192,24183,1,0,0:0:0:0:
448,192,24183,1,0,0:0:0:0:
320,192,24509,1,0,0:0:0:0:
192,192,24509,1,0,0:0:0:0:
64,192,24509,1,0,0:0:0:0:
64,192,24835,1,0,0:0:0:0:
448,192,24835,1,0,0:0:0:0:
192,192,25161,1,0,0:0:0:0:
64,192,25161,1,0,0:0:0:0:
320,192,25161,1,0,0:0:0:0:
192,192,25487,1,0,0:0:0:0:
448,192,25487,1,0,0:0:0:0:
320,192,25650,1,0,0:0:0:0:
192,192,25813,1,0,0:0:0:0:
64,192,25813,1,0,0:0:0:0:
448,192,25813,1,0,0:0:0:0:
320,192,26139,1,0,0:0:0:0:
192,192,26465,1,0,0:0:0:0:
64,192,26465,1,0,0:0:0:0:
448,192,26465,1,0,0:0:0:0:
320,192,26792,1,0,0:0:0:0:
64,192,26792,1,0,0:0:0:0:
448,192,26792,1,0,0:0:0:0:
192,192,27009,1,0,0:0:0:0:
64,192,27009,1,0,0:0:0:0:
320,192,27118,1,0,0:0:0:0:
448,192,27118,1,0,0:0:0:0:
320,192,27335,1,0,0:0:0:0:
448,192,27335,1,0,0:0:0:0:
192,192,27444,1,0,0:0:0:0:
64,192,27444,1,0,0:0:0:0:
64,192,27661,1,0,0:0:0:0:
192,192,27661,1,0,0:0:0:0:
320,192,27770,1,0,0:0:0:0:
448,192,27770,1,0,0:0:0:0:
320,192,27987,5,0,0:0:0:0:
448,192,27987,1,0,0:0:0:0:
192,192,28096,1,0,0:0:0:0:
64,192,28096,1,0,0:0:0:0:
64,192,28313,1,0,0:0:0:0:
192,192,28313,1,0,0:0:0:0:
320,192,28422,1,0,0:0:0:0:
448,192,28422,1,0,0:0:0:0:
192,192,28748,1,0,0:0:0:0:
64,192,28748,1,0,0:0:0:0:
448,192,28748,1,0,0:0:0:0:
448,192,29074,128,0,31520:0:0:0:0:
64,192,29074,128,0,31520:0:0:0:0:
320,192,29074,1,0,0:0:0:0:
192,192,29400,128,0,29889:0:0:0:0:
320,192,29726,128,0,30052:0:0:0:0:
192,192,30052,128,0,31520:0:0:0:0:
320,192,30215,128,0,31520:0:0:0:0:
64,192,31683,1,0,0:0:0:0:
192,192,31683,1,0,0:0:0:0:
320,192,31683,1,0,0:0:0:0:
448,192,31683,1,0,0:0:0:0:
320,192,33857,1,0,0:0:0:0:
448,192,33965,1,0,0:0:0:0:
192,192,33965,1,0,0:0:0:0:
64,192,33965,1,0,0:0:0:0:
192,192,34183,1,0,0:0:0:0:
320,192,34292,1,0,0:0:0:0:
448,192,34292,1,0,0:0:0:0:
64,192,34292,1,0,0:0:0:0:
192,192,34618,1,0,0:0:0:0:
320,192,34781,1,0,0:0:0:0:
64,192,34944,1,0,0:0:0:0:
192,192,34944,1,0,0:0:0:0:
320,192,35270,1,0,0:0:0:0:
192,192,35433,1,0,0:0:0:0:
320,192,35596,1,0,0:0:0:0:
448,192,35596,1,0,0:0:0:0:
448,192,35922,1,0,0:0:0:0:
64,192,35922,1,0,0:0:0:0:
192,192,36085,1,0,0:0:0:0:
320,192,36085,1,0,0:0:0:0:
64,192,36248,1,0,0:0:0:0:
448,192,36248,1,0,0:0:0:0:
192,192,36574,1,0,0:0:0:0:
320,192,36574,1,0,0:0:0:0:
448,192,36737,1,0,0:0:0:0:
64,192,36737,1,0,0:0:0:0:
192,192,36900,1,0,0:0:0:0:
320,192,36900,1,0,0:0:0:0:
64,192,37226,1,0,0:0:0:0:
320,192,37389,1,0,0:0:0:0:
192,192,37552,1,0,0:0:0:0:
448,192,37552,1,0,0:0:0:0:
448,192,37878,1,0,0:0:0:0:
192,192,38042,1,0,0:0:0:0:
320,192,38205,1,0,0:0:0:0:
64,192,38205,1,0,0:0:0:0:
192,192,38531,1,0,0:0:0:0:
448,192,38531,1,0,0:0:0:0:
320,192,38694,1,0,0:0:0:0:
64,192,38694,1,0,0:0:0:0:
192,192,38857,1,0,0:0:0:0:
448,192,38857,1,0,0:0:0:0:
64,192,39183,1,0,0:0:0:0:
320,192,39183,1,0,0:0:0:0:
192,192,39346,1,0,0:0:0:0:
448,192,39346,1,0,0:0:0:0:
320,192,39509,1,0,0:0:0:0:
64,192,39509,1,0,0:0:0:0:
448,192,39835,1,0,0:0:0:0:
64,192,39998,1,0,0:0:0:0:
192,192,40161,1,0,0:0:0:0:
320,192,40161,1,0,0:0:0:0:
64,192,40487,1,0,0:0:0:0:
448,192,40650,1,0,0:0:0:0:
192,192,40813,1,0,0:0:0:0:
320,192,40813,1,0,0:0:0:0:
64,192,41139,1,0,0:0:0:0:
448,192,41139,1,0,0:0:0:0:
192,192,41302,1,0,0:0:0:0:
320,192,41302,1,0,0:0:0:0:
448,192,41465,1,0,0:0:0:0:
64,192,41465,1,0,0:0:0:0:
192,192,41792,1,0,0:0:0:0:
320,192,41792,1,0,0:0:0:0:
448,192,41955,1,0,0:0:0:0:
64,192,41955,1,0,0:0:0:0:
192,192,42118,1,0,0:0:0:0:
320,192,42118,1,0,0:0:0:0:
64,192,42444,1,0,0:0:0:0:
320,192,42607,1,0,0:0:0:0:
192,192,42770,1,0,0:0:0:0:
64,192,42770,1,0,0:0:0:0:
448,192,43096,1,0,0:0:0:0:
192,192,43259,1,0,0:0:0:0:
320,192,43422,1,0,0:0:0:0:
448,192,43422,1,0,0:0:0:0:
192,192,43748,1,0,0:0:0:0:
64,192,43748,1,0,0:0:0:0:
320,192,43911,1,0,0:0:0:0:
448,192,43911,1,0,0:0:0:0:
192,192,44074,1,0,0:0:0:0:
64,192,44074,1,0,0:0:0:0:
320,192,44400,1,0,0:0:0:0:
448,192,44400,1,0,0:0:0:0:
192,192,44563,1,0,0:0:0:0:
64,192,44563,1,0,0:0:0:0:
320,192,44726,1,0,0:0:0:0:
448,192,44726,1,0,0:0:0:0:
192,192,45052,1,0,0:0:0:0:
64,192,45215,1,0,0:0:0:0:
448,192,45215,1,0,0:0:0:0:
320,192,45378,1,0,0:0:0:0:
192,192,45378,1,0,0:0:0:0:
64,192,45705,1,0,0:0:0:0:
448,192,45705,1,0,0:0:0:0:
320,192,45868,1,0,0:0:0:0:
192,192,45868,1,0,0:0:0:0:
64,192,46031,1,0,0:0:0:0:
448,192,46031,1,0,0:0:0:0:
192,192,46357,1,0,0:0:0:0:
320,192,46357,1,0,0:0:0:0:
448,192,46520,1,0,0:0:0:0:
64,192,46520,1,0,0:0:0:0:
192,192,46683,1,0,0:0:0:0:
320,192,46683,1,0,0:0:0:0:
448,192,47009,1,0,0:0:0:0:
192,192,47172,1,0,0:0:0:0:
64,192,47335,1,0,0:0:0:0:
448,192,47335,1,0,0:0:0:0:
320,192,47661,1,0,0:0:0:0:
448,192,47824,1,0,0:0:0:0:
64,192,47824,1,0,0:0:0:0:
192,192,47987,1,0,0:0:0:0:
320,192,47987,1,0,0:0:0:0:
64,192,48313,1,0,0:0:0:0:
448,192,48313,1,0,0:0:0:0:
192,192,48476,1,0,0:0:0:0:
320,192,48476,1,0,0:0:0:0:
64,192,48639,1,0,0:0:0:0:
448,192,48639,1,0,0:0:0:0:
192,192,48965,1,0,0:0:0:0:
320,192,48965,1,0,0:0:0:0:
64,192,49128,1,0,0:0:0:0:
448,192,49128,1,0,0:0:0:0:
192,192,49292,1,0,0:0:0:0:
320,192,49292,1,0,0:0:0:0:
64,192,49618,1,0,0:0:0:0:
448,192,49618,1,0,0:0:0:0:
192,192,49699,1,0,0:0:0:0:
320,192,49781,1,0,0:0:0:0:
448,192,49862,1,0,0:0:0:0:
64,192,49944,1,0,0:0:0:0:
192,192,49944,1,0,0:0:0:0:
448,192,50270,1,0,0:0:0:0:
320,192,50433,1,0,0:0:0:0:
192,192,50433,1,0,0:0:0:0:
64,192,50596,1,0,0:0:0:0:
448,192,50596,1,0,0:0:0:0:
192,192,50922,1,0,0:0:0:0:
64,192,50922,1,0,0:0:0:0:
320,192,51085,1,0,0:0:0:0:
448,192,51085,1,0,0:0:0:0:
192,192,51248,1,0,0:0:0:0:
64,192,51248,1,0,0:0:0:0:
320,192,51574,1,0,0:0:0:0:
448,192,51574,1,0,0:0:0:0:
192,192,51737,1,0,0:0:0:0:
64,192,51737,1,0,0:0:0:0:
320,192,51900,1,0,0:0:0:0:
448,192,51900,1,0,0:0:0:0:
64,192,51900,1,0,0:0:0:0:
64,192,52118,1,0,0:0:0:0:
448,192,52118,1,0,0:0:0:0:
192,192,52118,1,0,0:0:0:0:
64,192,52335,1,0,0:0:0:0:
320,192,52335,1,0,0:0:0:0:
448,192,52335,1,0,0:0:0:0:
320,192,52552,1,0,0:0:0:0:
64,192,52552,1,0,0:0:0:0:
192,192,52552,1,0,0:0:0:0:
448,192,52878,1,0,0:0:0:0:
64,192,52878,1,0,0:0:0:0:
192,192,53042,1,0,0:0:0:0:
320,192,53042,1,0,0:0:0:0:
448,192,53205,1,0,0:0:0:0:
64,192,53205,1,0,0:0:0:0:
192,192,53531,1,0,0:0:0:0:
320,192,53531,1,0,0:0:0:0:
448,192,53694,1,0,0:0:0:0:
64,192,53694,1,0,0:0:0:0:
192,192,53857,1,0,0:0:0:0:
320,192,53857,1,0,0:0:0:0:
64,192,54183,1,0,0:0:0:0:
320,192,54346,1,0,0:0:0:0:
192,192,54509,1,0,0:0:0:0:
64,192,54509,1,0,0:0:0:0:
448,192,54672,1,0,0:0:0:0:
320,192,54835,1,0,0:0:0:0:
64,192,54835,1,0,0:0:0:0:
192,192,54998,1,0,0:0:0:0:
64,192,55161,1,0,0:0:0:0:
448,192,55161,1,0,0:0:0:0:
320,192,55161,1,0,0:0:0:0:
192,192,55324,1,0,0:0:0:0:
320,192,55487,1,0,0:0:0:0:
448,192,55487,1,0,0:0:0:0:
64,192,55650,1,0,0:0:0:0:
192,192,55813,1,0,0:0:0:0:
320,192,55813,1,0,0:0:0:0:
448,192,55976,1,0,0:0:0:0:
320,192,56139,1,0,0:0:0:0:
64,192,56139,1,0,0:0:0:0:
192,192,56302,1,0,0:0:0:0:
320,192,56465,1,0,0:0:0:0:
448,192,56465,1,0,0:0:0:0:
64,192,56628,1,0,0:0:0:0:
192,192,56792,1,0,0:0:0:0:
448,192,56792,1,0,0:0:0:0:
320,192,56955,1,0,0:0:0:0:
192,192,57118,1,0,0:0:0:0:
64,192,57118,1,0,0:0:0:0:
448,192,57281,1,0,0:0:0:0:
320,192,57444,1,0,0:0:0:0:
64,192,57444,1,0,0:0:0:0:
192,192,57607,1,0,0:0:0:0:
320,192,57770,1,0,0:0:0:0:
448,192,57770,1,0,0:0:0:0:
64,192,57933,1,0,0:0:0:0:
192,192,58096,1,0,0:0:0:0:
320,192,58096,1,0,0:0:0:0:
448,192,58259,1,0,0:0:0:0:
192,192,58422,1,0,0:0:0:0:
320,192,58422,1,0,0:0:0:0:
64,192,58585,1,0,0:0:0:0:
448,192,58748,1,0,0:0:0:0:
320,192,58748,1,0,0:0:0:0:
64,192,58911,1,0,0:0:0:0:
192,192,59074,1,0,0:0:0:0:
320,192,59074,1,0,0:0:0:0:
448,192,59237,1,0,0:0:0:0:
64,192,59400,1,0,0:0:0:0:
320,192,59400,1,0,0:0:0:0:
192,192,59563,1,0,0:0:0:0:
448,192,59726,1,0,0:0:0:0:
320,192,59726,1,0,0:0:0:0:
64,192,59889,1,0,0:0:0:0:
192,192,60052,1,0,0:0:0:0:
448,192,60052,1,0,0:0:0:0:
320,192,60215,1,0,0:0:0:0:
192,192,60378,1,0,0:0:0:0:
64,192,60378,1,0,0:0:0:0:
448,192,60542,1,0,0:0:0:0:
320,192,60705,1,0,0:0:0:0:
192,192,60705,1,0,0:0:0:0:
64,192,60868,1,0,0:0:0:0:
320,192,61031,1,0,0:0:0:0:
448,192,61031,1,0,0:0:0:0:
64,192,61194,1,0,0:0:0:0:
192,192,61357,1,0,0:0:0:0:
320,192,61357,1,0,0:0:0:0:
448,192,61520,1,0,0:0:0:0:
64,192,61683,1,0,0:0:0:0:
320,192,61683,1,0,0:0:0:0:
192,192,61846,1,0,0:0:0:0:
320,192,62009,1,0,0:0:0:0:
448,192,62009,1,0,0:0:0:0:
64,192,62172,1,0,0:0:0:0:
192,192,62335,1,0,0:0:0:0:
448,192,62335,1,0,0:0:0:0:
320,192,62498,1,0,0:0:0:0:
192,192,62661,1,0,0:0:0:0:
64,192,62661,1,0,0:0:0:0:
448,192,62824,1,0,0:0:0:0:
320,192,62987,1,0,0:0:0:0:
192,192,62987,1,0,0:0:0:0:
64,192,63150,1,0,0:0:0:0:
192,192,63313,1,0,0:0:0:0:
448,192,63313,1,0,0:0:0:0:
320,192,63476,1,0,0:0:0:0:
192,192,63639,1,0,0:0:0:0:
64,192,63639,1,0,0:0:0:0:
448,192,63802,1,0,0:0:0:0:
64,192,63965,1,0,0:0:0:0:
320,192,63965,1,0,0:0:0:0:
192,192,64128,1,0,0:0:0:0:
320,192,64292,1,0,0:0:0:0:
448,192,64292,1,0,0:0:0:0:
64,192,64455,1,0,0:0:0:0:
192,192,64618,1,0,0:0:0:0:
448,192,64618,1,0,0:0:0:0:
320,192,64781,1,0,0:0:0:0:
192,192,64944,1,0,0:0:0:0:
64,192,64944,1,0,0:0:0:0:
448,192,65107,1,0,0:0:0:0:
320,192,65270,1,0,0:0:0:0:
192,192,65270,1,0,0:0:0:0:
64,192,65433,1,0,0:0:0:0:
192,192,65596,1,0,0:0:0:0:
320,192,65596,1,0,0:0:0:0:
448,192,65759,1,0,0:0:0:0:
64,192,65922,1,0,0:0:0:0:
320,192,65922,1,0,0:0:0:0:
192,192,66085,1,0,0:0:0:0:
320,192,66248,1,0,0:0:0:0:
448,192,66248,1,0,0:0:0:0:
64,192,66248,1,0,0:0:0:0:
64,192,66411,1,0,0:0:0:0:
192,192,66574,1,0,0:0:0:0:
448,192,66574,1,0,0:0:0:0:
320,192,66737,1,0,0:0:0:0:
192,192,66900,1,0,0:0:0:0:
64,192,66900,1,0,0:0:0:0:
448,192,67063,1,0,0:0:0:0:
320,192,67226,1,0,0:0:0:0:
192,192,67226,1,0,0:0:0:0:
64,192,67389,1,0,0:0:0:0:
320,192,67552,1,0,0:0:0:0:
448,192,67552,1,0,0:0:0:0:
192,192,67552,1,0,0:0:0:0:
448,192,67715,1,0,0:0:0:0:
64,192,67878,1,0,0:0:0:0:
320,192,67878,1,0,0:0:0:0:
192,192,68042,1,0,0:0:0:0:
320,192,68205,1,0,0:0:0:0:
448,192,68205,1,0,0:0:0:0:
64,192,68368,1,0,0:0:0:0:
192,192,68531,1,0,0:0:0:0:
320,192,68531,1,0,0:0:0:0:
448,192,68694,1,0,0:0:0:0:
64,192,68694,1,0,0:0:0:0:
192,192,68857,1,0,0:0:0:0:
320,192,68857,1,0,0:0:0:0:
64,192,68857,1,0,0:0:0:0:
448,192,69020,1,0,0:0:0:0:
320,192,69183,1,0,0:0:0:0:
192,192,69183,1,0,0:0:0:0:
64,192,69346,1,0,0:0:0:0:
192,192,69509,1,0,0:0:0:0:
448,192,69509,1,0,0:0:0:0:
320,192,69672,1,0,0:0:0:0:
192,192,69835,1,0,0:0:0:0:
64,192,69835,1,0,0:0:0:0:
448,192,69998,1,0,0:0:0:0:
64,192,70161,1,0,0:0:0:0:
320,192,70161,1,0,0:0:0:0:
192,192,70161,1,0,0:0:0:0:
192,192,70324,1,0,0:0:0:0:
320,192,70487,1,0,0:0:0:0:
448,192,70487,1,0,0:0:0:0:
64,192,70650,1,0,0:0:0:0:
192,192,70813,1,0,0:0:0:0:
448,192,70813,1,0,0:0:0:0:
320,192,70976,1,0,0:0:0:0:
192,192,71139,1,0,0:0:0:0:
64,192,71139,1,0,0:0:0:0:
320,192,71302,1,0,0:0:0:0:
64,192,71465,1,0,0:0:0:0:
448,192,71465,1,0,0:0:0:0:
192,192,71465,1,0,0:0:0:0:
448,192,71628,1,0,0:0:0:0:
320,192,71792,1,0,0:0:0:0:
192,192,71792,1,0,0:0:0:0:
64,192,71955,1,0,0:0:0:0:
192,192,72118,1,0,0:0:0:0:
448,192,72118,1,0,0:0:0:0:
320,192,72281,5,0,0:0:0:0:
192,192,72444,1,0,0:0:0:0:
64,192,72444,1,0,0:0:0:0:
448,192,72607,1,0,0:0:0:0:
320,192,72770,1,0,0:0:0:0:
64,192,72770,1,0,0:0:0:0:
192,192,72770,1,0,0:0:0:0:
192,192,72933,1,0,0:0:0:0:
320,192,73096,1,0,0:0:0:0:
448,192,73096,1,0,0:0:0:0:
64,192,73259,1,0,0:0:0:0:
192,192,73259,1,0,0:0:0:0:
64,192,73422,5,0,0:0:0:0:
192,192,73422,1,0,0:0:0:0:
320,192,73422,1,0,0:0:0:0:
448,192,73422,1,0,0:0:0:0:
64,192,73911,1,0,0:0:0:0:
192,192,73911,1,0,0:0:0:0:
320,192,73911,1,0,0:0:0:0:
448,192,73911,1,0,0:0:0:0:
64,192,74400,1,0,0:0:0:0:
192,192,74400,1,0,0:0:0:0:
320,192,74400,1,0,0:0:0:0:
448,192,74400,1,0,0:0:0:0:
64,192,74726,128,0,76683:0:0:0:0:
192,192,74726,128,0,76846:0:0:0:0:
448,192,74726,128,0,77172:0:0:0:0:
320,192,74726,128,0,77009:0:0:0:0:
64,192,76846,1,0,0:0:0:0:
192,192,77009,1,0,0:0:0:0:
320,192,77172,1,0,0:0:0:0:
448,192,77335,1,0,0:0:0:0:
64,192,77335,1,0,0:0:0:0:
192,192,77335,1,0,0:0:0:0:
192,192,77498,1,0,0:0:0:0:
320,192,77498,1,0,0:0:0:0:
320,192,77661,1,0,0:0:0:0:
448,192,77661,1,0,0:0:0:0:
64,192,77661,1,0,0:0:0:0:
192,192,77824,1,0,0:0:0:0:
320,192,77824,1,0,0:0:0:0:
192,192,77987,1,0,0:0:0:0:
448,192,77987,1,0,0:0:0:0:
64,192,77987,1,0,0:0:0:0:
448,192,78150,1,0,0:0:0:0:
64,192,78150,1,0,0:0:0:0:
320,192,78150,1,0,0:0:0:0:
320,192,78313,1,0,0:0:0:0:
64,192,78313,1,0,0:0:0:0:
192,192,78313,1,0,0:0:0:0:
192,192,78476,1,0,0:0:0:0:
448,192,78476,1,0,0:0:0:0:
320,192,78476,1,0,0:0:0:0:
320,192,78639,1,0,0:0:0:0:
448,192,78639,1,0,0:0:0:0:
64,192,78639,1,0,0:0:0:0:
320,192,78802,1,0,0:0:0:0:
192,192,78802,1,0,0:0:0:0:
192,192,78965,1,0,0:0:0:0:
64,192,78965,1,0,0:0:0:0:
448,192,78965,1,0,0:0:0:0:
192,192,79128,1,0,0:0:0:0:
320,192,79128,1,0,0:0:0:0:
320,192,79291,1,0,0:0:0:0:
448,192,79291,1,0,0:0:0:0:
64,192,79291,1,0,0:0:0:0:
64,192,79454,1,0,0:0:0:0:
192,192,79454,1,0,0:0:0:0:
448,192,79454,1,0,0:0:0:0:
192,192,79617,1,0,0:0:0:0:
320,192,79617,1,0,0:0:0:0:
448,192,79617,1,0,0:0:0:0:
320,192,79780,1,0,0:0:0:0:
64,192,79780,1,0,0:0:0:0:
192,192,79780,1,0,0:0:0:0:
192,192,79943,1,0,0:0:0:0:
64,192,79943,1,0,0:0:0:0:
448,192,79943,1,0,0:0:0:0:
320,192,79943,1,0,0:0:0:0:
448,192,80106,1,0,0:0:0:0:
320,192,80106,1,0,0:0:0:0:
448,192,80269,1,0,0:0:0:0:
320,192,80269,1,0,0:0:0:0:
64,192,80269,1,0,0:0:0:0:
192,192,80269,1,0,0:0:0:0:
64,192,80432,1,0,0:0:0:0:
192,192,80432,1,0,0:0:0:0:
64,192,80595,1,0,0:0:0:0:
192,192,80595,1,0,0:0:0:0:
320,192,80595,1,0,0:0:0:0:
448,192,80595,1,0,0:0:0:0:
448,192,80758,1,0,0:0:0:0:
64,192,80758,1,0,0:0:0:0:
448,192,80921,1,0,0:0:0:0:
64,192,80921,1,0,0:0:0:0:
192,192,80921,1,0,0:0:0:0:
320,192,80921,1,0,0:0:0:0:
192,192,81085,1,0,0:0:0:0:
320,192,81085,1,0,0:0:0:0:
192,192,81248,1,0,0:0:0:0:
320,192,81248,1,0,0:0:0:0:
64,192,81248,1,0,0:0:0:0:
448,192,81248,1,0,0:0:0:0:
64,192,81411,1,0,0:0:0:0:
448,192,81411,1,0,0:0:0:0:
320,192,81574,1,0,0:0:0:0:
192,192,81574,1,0,0:0:0:0:
64,192,81574,1,0,0:0:0:0:
192,192,81737,1,0,0:0:0:0:
448,192,81737,1,0,0:0:0:0:
320,192,81737,1,0,0:0:0:0:
448,192,81900,1,0,0:0:0:0:
192,192,81900,1,0,0:0:0:0:
64,192,81900,1,0,0:0:0:0:
320,192,82063,1,0,0:0:0:0:
64,192,82063,1,0,0:0:0:0:
192,192,82226,1,0,0:0:0:0:
320,192,82226,1,0,0:0:0:0:
448,192,82226,1,0,0:0:0:0:
64,192,82389,1,0,0:0:0:0:
448,192,82389,1,0,0:0:0:0:
192,192,82552,1,0,0:0:0:0:
64,192,82552,1,0,0:0:0:0:
320,192,82552,1,0,0:0:0:0:
448,192,82552,1,0,0:0:0:0:
192,192,82715,1,0,0:0:0:0:
320,192,82715,1,0,0:0:0:0:
192,192,82878,1,0,0:0:0:0:
64,192,82878,1,0,0:0:0:0:
320,192,82878,1,0,0:0:0:0:
448,192,82878,1,0,0:0:0:0:
64,192,83041,1,0,0:0:0:0:
192,192,83041,1,0,0:0:0:0:
448,192,83041,1,0,0:0:0:0:
320,192,83204,1,0,0:0:0:0:
448,192,83204,1,0,0:0:0:0:
64,192,83204,1,0,0:0:0:0:
192,192,83367,1,0,0:0:0:0:
64,192,83367,1,0,0:0:0:0:
320,192,83367,1,0,0:0:0:0:
192,192,83530,1,0,0:0:0:0:
320,192,83530,1,0,0:0:0:0:
448,192,83530,1,0,0:0:0:0:
320,192,83693,1,0,0:0:0:0:
448,192,83693,1,0,0:0:0:0:
64,192,83693,1,0,0:0:0:0:
192,192,83856,1,0,0:0:0:0:
64,192,83856,1,0,0:0:0:0:
448,192,83856,1,0,0:0:0:0:
320,192,84019,1,0,0:0:0:0:
448,192,84019,1,0,0:0:0:0:
192,192,84019,1,0,0:0:0:0:
320,192,84182,1,0,0:0:0:0:
192,192,84182,1,0,0:0:0:0:
64,192,84182,1,0,0:0:0:0:
64,192,84345,1,0,0:0:0:0:
320,192,84345,1,0,0:0:0:0:
448,192,84345,1,0,0:0:0:0:
192,192,84508,1,0,0:0:0:0:
64,192,84508,1,0,0:0:0:0:
320,192,84508,1,0,0:0:0:0:
448,192,84508,1,0,0:0:0:0:
192,192,84671,1,0,0:0:0:0:
320,192,84671,1,0,0:0:0:0:
64,192,84835,1,0,0:0:0:0:
448,192,84835,1,0,0:0:0:0:
192,192,84835,1,0,0:0:0:0:
64,192,84998,1,0,0:0:0:0:
320,192,84998,1,0,0:0:0:0:
320,192,85161,1,0,0:0:0:0:
192,192,85161,1,0,0:0:0:0:
64,192,85161,1,0,0:0:0:0:
448,192,85161,1,0,0:0:0:0:
192,192,85324,1,0,0:0:0:0:
448,192,85324,1,0,0:0:0:0:
192,192,85487,1,0,0:0:0:0:
320,192,85487,1,0,0:0:0:0:
448,192,85487,1,0,0:0:0:0:
64,192,85487,1,0,0:0:0:0:
320,192,85650,1,0,0:0:0:0:
64,192,85650,1,0,0:0:0:0:
192,192,85813,1,0,0:0:0:0:
64,192,85813,1,0,0:0:0:0:
448,192,85813,1,0,0:0:0:0:
320,192,85813,1,0,0:0:0:0:
320,192,85976,1,0,0:0:0:0:
448,192,85976,1,0,0:0:0:0:
448,192,86139,1,0,0:0:0:0:
320,192,86139,1,0,0:0:0:0:
192,192,86139,1,0,0:0:0:0:
64,192,86139,1,0,0:0:0:0:
64,192,86302,1,0,0:0:0:0:
192,192,86302,1,0,0:0:0:0:
448,192,86302,1,0,0:0:0:0:
320,192,86465,1,0,0:0:0:0:
448,192,86465,1,0,0:0:0:0:
64,192,86465,1,0,0:0:0:0:
192,192,86465,1,0,0:0:0:0:
192,192,86628,1,0,0:0:0:0:
320,192,86628,1,0,0:0:0:0:
64,192,86791,1,0,0:0:0:0:
192,192,86791,1,0,0:0:0:0:
448,192,86791,1,0,0:0:0:0:
320,192,86791,1,0,0:0:0:0:
448,192,86954,1,0,0:0:0:0:
64,192,86954,1,0,0:0:0:0:
64,192,87117,1,0,0:0:0:0:
192,192,87117,1,0,0:0:0:0:
448,192,87117,1,0,0:0:0:0:
320,192,87280,1,0,0:0:0:0:
64,192,87443,1,0,0:0:0:0:
448,192,87443,1,0,0:0:0:0:
192,192,87606,1,0,0:0:0:0:
64,192,87769,1,0,0:0:0:0:
448,192,87769,1,0,0:0:0:0:
320,192,87769,1,0,0:0:0:0:
320,192,87932,1,0,0:0:0:0:
192,192,87932,1,0,0:0:0:0:
192,192,88095,1,0,0:0:0:0:
64,192,88095,1,0,0:0:0:0:
448,192,88095,1,0,0:0:0:0:
192,192,88258,1,0,0:0:0:0:
320,192,88258,1,0,0:0:0:0:
320,192,88421,1,0,0:0:0:0:
448,192,88421,1,0,0:0:0:0:
64,192,88421,1,0,0:0:0:0:
192,192,88585,1,0,0:0:0:0:
64,192,88585,1,0,0:0:0:0:
448,192,88585,1,0,0:0:0:0:
320,192,88748,1,0,0:0:0:0:
192,192,88748,1,0,0:0:0:0:
448,192,88748,1,0,0:0:0:0:
320,192,88911,1,0,0:0:0:0:
192,192,88911,1,0,0:0:0:0:
64,192,88911,1,0,0:0:0:0:
64,192,89074,1,0,0:0:0:0:
192,192,89074,1,0,0:0:0:0:
448,192,89074,1,0,0:0:0:0:
192,192,89237,1,0,0:0:0:0:
320,192,89237,1,0,0:0:0:0:
320,192,89400,1,0,0:0:0:0:
448,192,89400,1,0,0:0:0:0:
64,192,89400,1,0,0:0:0:0:
320,192,89563,1,0,0:0:0:0:
192,192,89563,1,0,0:0:0:0:
192,192,89726,1,0,0:0:0:0:
64,192,89726,1,0,0:0:0:0:
448,192,89726,1,0,0:0:0:0:
320,192,89889,1,0,0:0:0:0:
448,192,89889,1,0,0:0:0:0:
64,192,89889,1,0,0:0:0:0:
64,192,90052,1,0,0:0:0:0:
192,192,90052,1,0,0:0:0:0:
320,192,90052,1,0,0:0:0:0:
192,192,90215,1,0,0:0:0:0:
320,192,90215,1,0,0:0:0:0:
448,192,90215,1,0,0:0:0:0:
320,192,90378,1,0,0:0:0:0:
448,192,90378,1,0,0:0:0:0:
64,192,90378,1,0,0:0:0:0:
192,192,90378,1,0,0:0:0:0:
64,192,90541,1,0,0:0:0:0:
192,192,90541,1,0,0:0:0:0:
64,192,90704,1,0,0:0:0:0:
192,192,90704,1,0,0:0:0:0:
320,192,90704,1,0,0:0:0:0:
448,192,90704,1,0,0:0:0:0:
320,192,90867,1,0,0:0:0:0:
448,192,90867,1,0,0:0:0:0:
320,192,91030,1,0,0:0:0:0:
192,192,91030,1,0,0:0:0:0:
64,192,91030,1,0,0:0:0:0:
448,192,91030,1,0,0:0:0:0:
64,192,91193,1,0,0:0:0:0:
448,192,91193,1,0,0:0:0:0:
448,192,91356,1,0,0:0:0:0:
64,192,91356,1,0,0:0:0:0:
192,192,91356,1,0,0:0:0:0:
320,192,91356,1,0,0:0:0:0:
192,192,91519,1,0,0:0:0:0:
320,192,91519,1,0,0:0:0:0:
192,192,91682,1,0,0:0:0:0:
320,192,91682,1,0,0:0:0:0:
64,192,91682,1,0,0:0:0:0:
448,192,91682,1,0,0:0:0:0:
448,192,91845,1,0,0:0:0:0:
64,192,91845,1,0,0:0:0:0:
192,192,92008,1,0,0:0:0:0:
320,192,92008,1,0,0:0:0:0:
448,192,92008,1,0,0:0:0:0:
320,192,92171,1,0,0:0:0:0:
192,192,92171,1,0,0:0:0:0:
64,192,92171,1,0,0:0:0:0:
64,192,92335,1,0,0:0:0:0:
192,192,92335,1,0,0:0:0:0:
448,192,92335,1,0,0:0:0:0:
320,192,92498,1,0,0:0:0:0:
64,192,92498,1,0,0:0:0:0:
192,192,92661,1,0,0:0:0:0:
320,192,92661,1,0,0:0:0:0:
448,192,92661,1,0,0:0:0:0:
64,192,92824,1,0,0:0:0:0:
448,192,92824,1,0,0:0:0:0:
192,192,92987,1,0,0:0:0:0:
64,192,92987,1,0,0:0:0:0:
320,192,92987,1,0,0:0:0:0:
448,192,92987,1,0,0:0:0:0:
192,192,93150,1,0,0:0:0:0:
320,192,93150,1,0,0:0:0:0:
192,192,93313,1,0,0:0:0:0:
64,192,93313,1,0,0:0:0:0:
320,192,93313,1,0,0:0:0:0:
448,192,93313,1,0,0:0:0:0:
64,192,93476,1,0,0:0:0:0:
192,192,93476,1,0,0:0:0:0:
448,192,93476,1,0,0:0:0:0:
320,192,93639,1,0,0:0:0:0:
448,192,93639,1,0,0:0:0:0:
64,192,93639,1,0,0:0:0:0:
192,192,93802,1,0,0:0:0:0:
64,192,93802,1,0,0:0:0:0:
320,192,93802,1,0,0:0:0:0:
192,192,93965,1,0,0:0:0:0:
320,192,93965,1,0,0:0:0:0:
448,192,93965,1,0,0:0:0:0:
320,192,94128,1,0,0:0:0:0:
448,192,94128,1,0,0:0:0:0:
64,192,94128,1,0,0:0:0:0:
192,192,94291,1,0,0:0:0:0:
64,192,94291,1,0,0:0:0:0:
448,192,94291,1,0,0:0:0:0:
320,192,94454,1,0,0:0:0:0:
448,192,94454,1,0,0:0:0:0:
192,192,94454,1,0,0:0:0:0:
320,192,94617,1,0,0:0:0:0:
192,192,94617,1,0,0:0:0:0:
64,192,94617,1,0,0:0:0:0:
64,192,94780,1,0,0:0:0:0:
320,192,94780,1,0,0:0:0:0:
448,192,94780,1,0,0:0:0:0:
192,192,94943,1,0,0:0:0:0:
64,192,94943,1,0,0:0:0:0:
320,192,94943,1,0,0:0:0:0:
448,192,94943,1,0,0:0:0:0:
192,192,95106,1,0,0:0:0:0:
320,192,95106,1,0,0:0:0:0:
64,192,95269,1,0,0:0:0:0:
448,192,95269,1,0,0:0:0:0:
192,192,95269,1,0,0:0:0:0:
64,192,95432,1,0,0:0:0:0:
320,192,95432,1,0,0:0:0:0:
320,192,95595,1,0,0:0:0:0:
192,192,95595,1,0,0:0:0:0:
64,192,95595,1,0,0:0:0:0:
448,192,95595,1,0,0:0:0:0:
192,192,95758,1,0,0:0:0:0:
448,192,95758,1,0,0:0:0:0:
192,192,95921,1,0,0:0:0:0:
320,192,95921,1,0,0:0:0:0:
448,192,95921,1,0,0:0:0:0:
64,192,95921,1,0,0:0:0:0:
320,192,96085,1,0,0:0:0:0:
64,192,96085,1,0,0:0:0:0:
192,192,96248,1,0,0:0:0:0:
64,192,96248,1,0,0:0:0:0:
448,192,96248,1,0,0:0:0:0:
320,192,96248,1,0,0:0:0:0:
320,192,96411,1,0,0:0:0:0:
448,192,96411,1,0,0:0:0:0:
448,192,96574,1,0,0:0:0:0:
320,192,96574,1,0,0:0:0:0:
192,192,96574,1,0,0:0:0:0:
64,192,96574,1,0,0:0:0:0:
64,192,96737,1,0,0:0:0:0:
192,192,96737,1,0,0:0:0:0:
448,192,96737,1,0,0:0:0:0:
320,192,96900,1,0,0:0:0:0:
448,192,96900,1,0,0:0:0:0:
64,192,96900,1,0,0:0:0:0:
192,192,96900,1,0,0:0:0:0:
192,192,97063,1,0,0:0:0:0:
320,192,97063,1,0,0:0:0:0:
64,192,97226,1,0,0:0:0:0:
192,192,97226,1,0,0:0:0:0:
448,192,97226,1,0,0:0:0:0:
320,192,97226,1,0,0:0:0:0:
448,192,97389,1,0,0:0:0:0:
64,192,97389,1,0,0:0:0:0:
64,192,97552,1,0,0:0:0:0:
192,192,97552,1,0,0:0:0:0:
448,192,97552,1,0,0:0:0:0:
320,192,97552,1,0,0:0:0:0:
320,192,97715,1,0,0:0:0:0:
192,192,97715,1,0,0:0:0:0:
448,192,97878,1,0,0:0:0:0:
192,192,97878,1,0,0:0:0:0:
64,192,97878,1,0,0:0:0:0:
320,192,97878,1,0,0:0:0:0:
64,192,98041,1,0,0:0:0:0:
448,192,98041,1,0,0:0:0:0:
320,192,98204,1,0,0:0:0:0:
448,192,98204,1,0,0:0:0:0:
192,192,98204,1,0,0:0:0:0:
64,192,98204,1,0,0:0:0:0:
448,192,98367,1,0,0:0:0:0:
192,192,98367,1,0,0:0:0:0:
320,192,98530,1,0,0:0:0:0:
192,192,98530,1,0,0:0:0:0:
64,192,98530,1,0,0:0:0:0:
64,192,98693,1,0,0:0:0:0:
448,192,98693,1,0,0:0:0:0:
448,192,98856,1,0,0:0:0:0:
192,192,98856,1,0,0:0:0:0:
320,192,98856,1,0,0:0:0:0:
64,192,99019,1,0,0:0:0:0:
320,192,99019,1,0,0:0:0:0:
192,192,99182,1,0,0:0:0:0:
320,192,99182,1,0,0:0:0:0:
448,192,99182,1,0,0:0:0:0:
64,192,99345,1,0,0:0:0:0:
448,192,99345,1,0,0:0:0:0:
320,192,99508,1,0,0:0:0:0:
192,192,99508,1,0,0:0:0:0:
64,192,99508,1,0,0:0:0:0:
192,192,99671,1,0,0:0:0:0:
320,192,99671,1,0,0:0:0:0:
448,192,99671,1,0,0:0:0:0:
320,192,99835,1,0,0:0:0:0:
448,192,99835,1,0,0:0:0:0:
64,192,99835,1,0,0:0:0:0:
192,192,99998,1,0,0:0:0:0:
64,192,99998,1,0,0:0:0:0:
448,192,99998,1,0,0:0:0:0:
192,192,100161,1,0,0:0:0:0:
320,192,100161,1,0,0:0:0:0:
448,192,100161,1,0,0:0:0:0:
64,192,100161,1,0,0:0:0:0:
192,192,100487,1,0,0:0:0:0:
320,192,100487,1,0,0:0:0:0:
64,192,100813,1,0,0:0:0:0:
192,192,100813,1,0,0:0:0:0:
448,192,100813,1,0,0:0:0:0:
192,192,101139,1,0,0:0:0:0:
320,192,101139,1,0,0:0:0:0:
64,192,101356,1,0,0:0:0:0:
448,192,101356,1,0,0:0:0:0:
192,192,101465,1,0,0:0:0:0:
320,192,101465,1,0,0:0:0:0:
192,192,101682,1,0,0:0:0:0:
320,192,101682,1,0,0:0:0:0:
64,192,101791,1,0,0:0:0:0:
448,192,101791,1,0,0:0:0:0:
64,192,102008,1,0,0:0:0:0:
192,192,102008,1,0,0:0:0:0:
320,192,102117,1,0,0:0:0:0:
448,192,102117,1,0,0:0:0:0:
64,192,102443,1,0,0:0:0:0:
448,192,102443,1,0,0:0:0:0:
192,192,102443,1,0,0:0:0:0:
320,192,102443,1,0,0:0:0:0:
448,192,102606,1,0,0:0:0:0:
64,192,102606,1,0,0:0:0:0:
64,192,102769,1,0,0:0:0:0:
192,192,102769,1,0,0:0:0:0:
320,192,102769,1,0,0:0:0:0:
448,192,102769,1,0,0:0:0:0:
192,192,102932,1,0,0:0:0:0:
320,192,102932,1,0,0:0:0:0:
192,192,103095,1,0,0:0:0:0:
64,192,103095,1,0,0:0:0:0:
320,192,103095,1,0,0:0:0:0:
448,192,103095,1,0,0:0:0:0:
448,192,103258,1,0,0:0:0:0:
64,192,103258,1,0,0:0:0:0:
64,192,103421,1,0,0:0:0:0:
192,192,103421,1,0,0:0:0:0:
320,192,103421,1,0,0:0:0:0:
448,192,103421,1,0,0:0:0:0:
64,192,103584,1,0,0:0:0:0:
320,192,103584,1,0,0:0:0:0:
192,192,103748,1,0,0:0:0:0:
320,192,103748,1,0,0:0:0:0:
448,192,103748,1,0,0:0:0:0:
448,192,103911,1,0,0:0:0:0:
64,192,103911,1,0,0:0:0:0:
64,192,104074,1,0,0:0:0:0:
320,192,104074,1,0,0:0:0:0:
192,192,104074,1,0,0:0:0:0:
448,192,104237,1,0,0:0:0:0:
192,192,104237,1,0,0:0:0:0:
320,192,104400,1,0,0:0:0:0:
192,192,104400,1,0,0:0:0:0:
64,192,104400,1,0,0:0:0:0:
448,192,104563,1,0,0:0:0:0:
64,192,104563,1,0,0:0:0:0:
192,192,104726,1,0,0:0:0:0:
320,192,104726,1,0,0:0:0:0:
448,192,104726,1,0,0:0:0:0:
320,192,104889,1,0,0:0:0:0:
192,192,104889,1,0,0:0:0:0:
64,192,104889,1,0,0:0:0:0:
192,192,105052,1,0,0:0:0:0:
64,192,105052,1,0,0:0:0:0:
448,192,105052,1,0,0:0:0:0:
320,192,105215,1,0,0:0:0:0:
448,192,105215,1,0,0:0:0:0:
64,192,105215,1,0,0:0:0:0:
320,192,105378,1,0,0:0:0:0:
192,192,105378,1,0,0:0:0:0:
64,192,105378,1,0,0:0:0:0:
448,192,105378,1,0,0:0:0:0:
320,192,105704,1,0,0:0:0:0:
192,192,105704,1,0,0:0:0:0:
64,192,105921,1,0,0:0:0:0:
448,192,105921,1,0,0:0:0:0:
320,192,106030,1,0,0:0:0:0:
192,192,106030,1,0,0:0:0:0:
320,192,106356,1,0,0:0:0:0:
192,192,106356,1,0,0:0:0:0:
192,192,106574,1,0,0:0:0:0:
320,192,106574,1,0,0:0:0:0:
64,192,106682,1,0,0:0:0:0:
448,192,106682,1,0,0:0:0:0:
448,192,106900,1,0,0:0:0:0:
64,192,106900,1,0,0:0:0:0:
320,192,107008,1,0,0:0:0:0:
192,192,107008,1,0,0:0:0:0:
320,192,107226,1,0,0:0:0:0:
192,192,107226,1,0,0:0:0:0:
448,192,107334,1,0,0:0:0:0:
64,192,107334,1,0,0:0:0:0:
64,192,107661,1,0,0:0:0:0:
448,192,107661,1,0,0:0:0:0:
192,192,107661,1,0,0:0:0:0:
320,192,107661,1,0,0:0:0:0:
448,192,107824,1,0,0:0:0:0:
64,192,107824,1,0,0:0:0:0:
64,192,107987,1,0,0:0:0:0:
192,192,107987,1,0,0:0:0:0:
320,192,107987,1,0,0:0:0:0:
448,192,107987,1,0,0:0:0:0:
192,192,108150,1,0,0:0:0:0:
320,192,108150,1,0,0:0:0:0:
192,192,108313,1,0,0:0:0:0:
320,192,108313,1,0,0:0:0:0:
64,192,108313,1,0,0:0:0:0:
448,192,108313,1,0,0:0:0:0:
448,192,108476,1,0,0:0:0:0:
64,192,108476,1,0,0:0:0:0:
64,192,108639,1,0,0:0:0:0:
192,192,108639,1,0,0:0:0:0:
320,192,108639,1,0,0:0:0:0:
448,192,108639,1,0,0:0:0:0:
192,192,108802,1,0,0:0:0:0:
448,192,108802,1,0,0:0:0:0:
320,192,108965,1,0,0:0:0:0:
192,192,108965,1,0,0:0:0:0:
64,192,108965,1,0,0:0:0:0:
64,192,109128,1,0,0:0:0:0:
448,192,109128,1,0,0:0:0:0:
320,192,109291,1,0,0:0:0:0:
448,192,109291,1,0,0:0:0:0:
192,192,109291,1,0,0:0:0:0:
320,192,109454,1,0,0:0:0:0:
64,192,109454,1,0,0:0:0:0:
192,192,109617,1,0,0:0:0:0:
320,192,109617,1,0,0:0:0:0:
448,192,109617,1,0,0:0:0:0:
64,192,109780,1,0,0:0:0:0:
448,192,109780,1,0,0:0:0:0:
192,192,109943,1,0,0:0:0:0:
64,192,109943,1,0,0:0:0:0:
320,192,109943,1,0,0:0:0:0:
192,192,110106,1,0,0:0:0:0:
448,192,110106,1,0,0:0:0:0:
64,192,110269,1,0,0:0:0:0:
192,192,110269,1,0,0:0:0:0:
320,192,110269,1,0,0:0:0:0:
64,192,110432,1,0,0:0:0:0:
448,192,110432,1,0,0:0:0:0:
192,192,110595,1,0,0:0:0:0:
320,192,110595,1,0,0:0:0:0:
448,192,110595,1,0,0:0:0:0:
64,192,110921,1,0,0:0:0:0:
320,192,110921,1,0,0:0:0:0:
192,192,111084,1,0,0:0:0:0:
448,192,111084,1,0,0:0:0:0:
320,192,111248,1,0,0:0:0:0:
448,192,111248,1,0,0:0:0:0:
64,192,111248,1,0,0:0:0:0:
192,192,111574,1,0,0:0:0:0:
64,192,111574,1,0,0:0:0:0:
448,192,111574,1,0,0:0:0:0:
320,192,111737,128,0,111900:0:0:0:0:
192,192,111900,1,0,0:0:0:0:
64,192,111900,1,0,0:0:0:0:
448,192,111900,1,0,0:0:0:0:
448,192,112063,128,0,112226:0:0:0:0:
320,192,112226,1,0,0:0:0:0:
192,192,112226,1,0,0:0:0:0:
64,192,112226,1,0,0:0:0:0:
192,192,112389,128,0,112552:0:0:0:0:
320,192,112552,128,0,112796:0:0:0:0:
448,192,112552,128,0,112796:0:0:0:0:
64,192,112552,128,0,112796:0:0:0:0:
320,192,112878,1,0,0:0:0:0:
448,192,112878,1,0,0:0:0:0:
64,192,112878,1,0,0:0:0:0:
320,192,113204,1,0,0:0:0:0:
448,192,113204,1,0,0:0:0:0:
64,192,113204,1,0,0:0:0:0:
192,192,113367,1,0,0:0:0:0:
320,192,113367,1,0,0:0:0:0:
448,192,113530,1,0,0:0:0:0:
64,192,113530,1,0,0:0:0:0:
192,192,113530,1,0,0:0:0:0:
64,192,113693,1,0,0:0:0:0:
320,192,113693,1,0,0:0:0:0:
192,192,113693,1,0,0:0:0:0:
64,192,113856,1,0,0:0:0:0:
192,192,113856,1,0,0:0:0:0:
320,192,113856,1,0,0:0:0:0:
448,192,113856,1,0,0:0:0:0:
64,192,114019,1,0,0:0:0:0:
448,192,114019,1,0,0:0:0:0:
320,192,114182,1,0,0:0:0:0:
448,192,114182,1,0,0:0:0:0:
192,192,114182,1,0,0:0:0:0:
64,192,114345,1,0,0:0:0:0:
320,192,114345,1,0,0:0:0:0:
448,192,114345,1,0,0:0:0:0:
192,192,114508,1,0,0:0:0:0:
320,192,114508,1,0,0:0:0:0:
448,192,114508,1,0,0:0:0:0:
64,192,114671,1,0,0:0:0:0:
448,192,114671,1,0,0:0:0:0:
64,192,114834,1,0,0:0:0:0:
192,192,114834,1,0,0:0:0:0:
320,192,114834,1,0,0:0:0:0:
448,192,114998,1,0,0:0:0:0:
192,192,114998,1,0,0:0:0:0:
64,192,114998,1,0,0:0:0:0:
320,192,115161,1,0,0:0:0:0:
192,192,115161,1,0,0:0:0:0:
64,192,115161,1,0,0:0:0:0:
448,192,115324,1,0,0:0:0:0:
192,192,115324,1,0,0:0:0:0:
320,192,115487,1,0,0:0:0:0:
448,192,115487,1,0,0:0:0:0:
64,192,115487,1,0,0:0:0:0:
192,192,115650,1,0,0:0:0:0:
64,192,115650,1,0,0:0:0:0:
448,192,115650,1,0,0:0:0:0:
448,192,115813,1,0,0:0:0:0:
320,192,115813,1,0,0:0:0:0:
64,192,115813,1,0,0:0:0:0:
320,192,115976,1,0,0:0:0:0:
192,192,115976,1,0,0:0:0:0:
64,192,116139,1,0,0:0:0:0:
192,192,116139,1,0,0:0:0:0:
448,192,116139,1,0,0:0:0:0:
320,192,116302,1,0,0:0:0:0:
448,192,116302,1,0,0:0:0:0:
64,192,116302,1,0,0:0:0:0:
192,192,116465,1,0,0:0:0:0:
64,192,116465,1,0,0:0:0:0:
320,192,116465,1,0,0:0:0:0:
448,192,116465,1,0,0:0:0:0:
192,192,116791,1,0,0:0:0:0:
320,192,116954,1,0,0:0:0:0:
64,192,117117,1,0,0:0:0:0:
448,192,117117,1,0,0:0:0:0:
192,192,117334,1,0,0:0:0:0:
320,192,117334,1,0,0:0:0:0:
64,192,117606,128,0,117769:0:0:0:0:
448,192,117606,128,0,117769:0:0:0:0:
320,192,117769,1,0,0:0:0:0:
192,192,117769,1,0,0:0:0:0:
64,192,117932,5,0,0:0:0:0:
448,192,117932,1,0,0:0:0:0:
448,192,118095,128,0,118421:0:0:0:0:
64,192,118095,128,0,118421:0:0:0:0:
192,192,118421,1,0,0:0:0:0:
320,192,118421,1,0,0:0:0:0:
192,192,118584,1,0,0:0:0:0:
320,192,118584,1,0,0:0:0:0:
192,192,118748,128,0,119074:0:0:0:0:
320,192,118748,128,0,119074:0:0:0:0:
64,192,119074,1,0,0:0:0:0:
448,192,119074,1,0,0:0:0:0:
