64,192,949,128,0,1048:0:0:0:0:
192,192,949,128,0,1048:0:0:0:0:
64,192,1146,128,0,1245:0:0:0:0:
192,192,1146,128,0,1245:0:0:0:0:
448,192,1344,1,0,0:0:0:0:
320,192,1344,1,0,0:0:0:0:
64,192,2133,128,0,2232:0:0:0:0:
320,192,2133,128,0,2232:0:0:0:0:
320,192,2429,128,0,2528:0:0:0:0:
192,192,2429,128,0,2528:0:0:0:0:
192,192,2725,128,0,2824:0:0:0:0:
320,192,2725,128,0,2824:0:0:0:0:
448,192,2923,1,0,0:0:0:0:
64,192,2923,1,0,0:0:0:0:
448,192,3219,128,0,3317:0:0:0:0:
192,192,3219,128,0,3317:0:0:0:0:
192,192,3515,128,0,3613:0:0:0:0:
448,192,3515,128,0,3613:0:0:0:0:
192,192,3712,1,0,0:0:0:0:
448,192,3712,1,0,0:0:0:0:
64,192,3811,128,0,4008:0:0:0:0:
320,192,3811,128,0,4008:0:0:0:0:
192,192,4107,128,0,4206:0:0:0:0:
64,192,4107,128,0,4206:0:0:0:0:
64,192,4304,128,0,4403:0:0:0:0:
192,192,4304,128,0,4403:0:0:0:0:
320,192,4502,1,0,0:0:0:0:
448,192,4502,1,0,0:0:0:0:
64,192,5291,128,0,5390:0:0:0:0:
320,192,5291,128,0,5390:0:0:0:0:
320,192,5587,128,0,5686:0:0:0:0:
192,192,5587,128,0,5686:0:0:0:0:
192,192,5883,128,0,5982:0:0:0:0:
320,192,5883,128,0,5982:0:0:0:0:
448,192,6081,1,0,0:0:0:0:
64,192,6081,1,0,0:0:0:0:
448,192,6377,128,0,6475:0:0:0:0:
192,192,6377,128,0,6475:0:0:0:0:
192,192,6673,128,0,6771:0:0:0:0:
448,192,6673,128,0,6771:0:0:0:0:
320,192,6870,128,0,6969:0:0:0:0:
64,192,6870,128,0,6969:0:0:0:0:
448,192,7067,1,0,0:0:0:0:
448,192,7166,1,0,0:0:0:0:
64,192,7265,1,0,0:0:0:0:
448,192,7363,1,0,0:0:0:0:
320,192,7462,1,0,0:0:0:0:
448,192,7561,1,0,0:0:0:0:
64,192,7659,1,0,0:0:0:0:
192,192,7659,1,0,0:0:0:0:
320,192,7758,1,0,0:0:0:0:
448,192,7857,1,0,0:0:0:0:
320,192,7956,1,0,0:0:0:0:
192,192,8054,1,0,0:0:0:0:
448,192,8153,1,0,0:0:0:0:
320,192,8252,1,0,0:0:0:0:
448,192,8350,1,0,0:0:0:0:
64,192,8449,1,0,0:0:0:0:
192,192,8449,1,0,0:0:0:0:
320,192,8548,1,0,0:0:0:0:
448,192,8646,1,0,0:0:0:0:
320,192,8745,1,0,0:0:0:0:
64,192,8844,1,0,0:0:0:0:
320,192,8942,1,0,0:0:0:0:
448,192,9041,1,0,0:0:0:0:
320,192,9140,1,0,0:0:0:0:
64,192,9238,1,0,0:0:0:0:
192,192,9238,1,0,0:0:0:0:
448,192,9337,1,0,0:0:0:0:
320,192,9436,1,0,0:0:0:0:
448,192,9534,1,0,0:0:0:0:
192,192,9633,1,0,0:0:0:0:
320,192,9732,1,0,0:0:0:0:
448,192,9831,1,0,0:0:0:0:
320,192,9929,1,0,0:0:0:0:
64,192,10028,1,0,0:0:0:0:
192,192,10028,1,0,0:0:0:0:
448,192,10127,1,0,0:0:0:0:
320,192,10225,1,0,0:0:0:0:
448,192,10324,1,0,0:0:0:0:
64,192,10423,1,0,0:0:0:0:
448,192,10521,1,0,0:0:0:0:
320,192,10620,1,0,0:0:0:0:
448,192,10719,1,0,0:0:0:0:
192,192,10817,1,0,0:0:0:0:
64,192,10817,1,0,0:0:0:0:
320,192,10916,1,0,0:0:0:0:
64,192,11015,1,0,0:0:0:0:
448,192,11113,1,0,0:0:0:0:
64,192,11212,1,0,0:0:0:0:
192,192,11261,1,0,0:0:0:0:
320,192,11311,1,0,0:0:0:0:
448,192,11360,1,0,0:0:0:0:
64,192,11409,1,0,0:0:0:0:
320,192,11508,1,0,0:0:0:0:
192,192,11607,1,0,0:0:0:0:
64,192,11706,1,0,0:0:0:0:
320,192,11804,1,0,0:0:0:0:
448,192,11903,1,0,0:0:0:0:
64,192,12002,1,0,0:0:0:0:
192,192,12051,1,0,0:0:0:0:
320,192,12100,1,0,0:0:0:0:
448,192,12150,1,0,0:0:0:0:
64,192,12199,1,0,0:0:0:0:
192,192,12298,1,0,0:0:0:0:
448,192,12396,1,0,0:0:0:0:
320,192,12446,1,0,0:0:0:0:
192,192,12495,1,0,0:0:0:0:
64,192,12594,1,0,0:0:0:0:
448,192,12692,1,0,0:0:0:0:
320,192,12791,128,0,12890:0:0:0:0:
192,192,12791,128,0,12890:0:0:0:0:
64,192,12988,128,0,13087:0:0:0:0:
448,192,13186,1,0,0:0:0:0:
320,192,13284,1,0,0:0:0:0:
192,192,13383,1,0,0:0:0:0:
64,192,13482,1,0,0:0:0:0:
448,192,13581,1,0,0:0:0:0:
320,192,13581,1,0,0:0:0:0:
320,192,13877,1,0,0:0:0:0:
64,192,13975,1,0,0:0:0:0:
192,192,13975,1,0,0:0:0:0:
192,192,14173,1,0,0:0:0:0:
448,192,14370,1,0,0:0:0:0:
320,192,14370,1,0,0:0:0:0:
192,192,14765,1,0,0:0:0:0:
64,192,14765,1,0,0:0:0:0:
448,192,15159,1,0,0:0:0:0:
320,192,15159,1,0,0:0:0:0:
192,192,15554,1,0,0:0:0:0:
64,192,15554,1,0,0:0:0:0:
320,192,15752,1,0,0:0:0:0:
192,192,15817,1,0,0:0:0:0:
64,192,15883,1,0,0:0:0:0:
448,192,15949,1,0,0:0:0:0:
320,192,15949,1,0,0:0:0:0:
320,192,16146,1,0,0:0:0:0:
64,192,16344,1,0,0:0:0:0:
192,192,16344,1,0,0:0:0:0:
320,192,16541,1,0,0:0:0:0:
192,192,16640,1,0,0:0:0:0:
448,192,16738,1,0,0:0:0:0:
320,192,16738,1,0,0:0:0:0:
320,192,17034,1,0,0:0:0:0:
192,192,17133,1,0,0:0:0:0:
64,192,17133,1,0,0:0:0:0:
192,192,17331,1,0,0:0:0:0:
448,192,17528,1,0,0:0:0:0:
320,192,17528,1,0,0:0:0:0:
192,192,17923,1,0,0:0:0:0:
64,192,17923,1,0,0:0:0:0:
320,192,18317,1,0,0:0:0:0:
448,192,18317,1,0,0:0:0:0:
192,192,18515,1,0,0:0:0:0:
320,192,18581,1,0,0:0:0:0:
448,192,18646,1,0,0:0:0:0:
64,192,18712,1,0,0:0:0:0:
192,192,18712,1,0,0:0:0:0:
192,192,18909,1,0,0:0:0:0:
320,192,18975,1,0,0:0:0:0:
64,192,19041,1,0,0:0:0:0:
448,192,19107,1,0,0:0:0:0:
320,192,19107,1,0,0:0:0:0:
64,192,19304,1,0,0:0:0:0:
192,192,19370,1,0,0:0:0:0:
320,192,19436,1,0,0:0:0:0:
448,192,19502,1,0,0:0:0:0:
64,192,19502,1,0,0:0:0:0:
192,192,19600,1,0,0:0:0:0:
320,192,19699,1,0,0:0:0:0:
64,192,19798,1,0,0:0:0:0:
448,192,19896,1,0,0:0:0:0:
320,192,19896,1,0,0:0:0:0:
64,192,20094,1,0,0:0:0:0:
448,192,20291,1,0,0:0:0:0:
192,192,20291,1,0,0:0:0:0:
320,192,20488,1,0,0:0:0:0:
192,192,20587,1,0,0:0:0:0:
448,192,20686,1,0,0:0:0:0:
64,192,20686,1,0,0:0:0:0:
192,192,21081,1,0,0:0:0:0:
448,192,21081,1,0,0:0:0:0:
192,192,21475,1,0,0:0:0:0:
64,192,21475,1,0,0:0:0:0:
320,192,21673,1,0,0:0:0:0:
192,192,21771,1,0,0:0:0:0:
64,192,21870,1,0,0:0:0:0:
320,192,21870,1,0,0:0:0:0:
192,192,22067,1,0,0:0:0:0:
320,192,22166,1,0,0:0:0:0:
64,192,22265,1,0,0:0:0:0:
448,192,22265,1,0,0:0:0:0:
320,192,22462,1,0,0:0:0:0:
192,192,22528,1,0,0:0:0:0:
64,192,22594,1,0,0:0:0:0:
448,192,22659,1,0,0:0:0:0:
192,192,22659,1,0,0:0:0:0:
64,192,22857,1,0,0:0:0:0:
320,192,23054,1,0,0:0:0:0:
448,192,23054,1,0,0:0:0:0:
448,192,23252,1,0,0:0:0:0:
320,192,23350,1,0,0:0:0:0:
192,192,23449,1,0,0:0:0:0:
448,192,23449,1,0,0:0:0:0:
64,192,23548,1,0,0:0:0:0:
192,192,23745,1,0,0:0:0:0:
320,192,23794,1,0,0:0:0:0:
448,192,23844,1,0,0:0:0:0:
64,192,23844,1,0,0:0:0:0:
320,192,24041,1,0,0:0:0:0:
64,192,24238,1,0,0:0:0:0:
320,192,24238,1,0,0:0:0:0:
192,192,24436,1,0,0:0:0:0:
64,192,24534,1,0,0:0:0:0:
448,192,24633,1,0,0:0:0:0:
320,192,24633,1,0,0:0:0:0:
192,192,25028,1,0,0:0:0:0:
64,192,25028,1,0,0:0:0:0:
192,192,25423,1,0,0:0:0:0:
320,192,25521,1,0,0:0:0:0:
448,192,25521,1,0,0:0:0:0:
64,192,25686,1,0,0:0:0:0:
320,192,25752,1,0,0:0:0:0:
192,192,25817,1,0,0:0:0:0:
448,192,25817,1,0,0:0:0:0:
64,192,25916,1,0,0:0:0:0:
448,192,26015,1,0,0:0:0:0:
320,192,26015,1,0,0:0:0:0:
192,192,26212,1,0,0:0:0:0:
320,192,26212,1,0,0:0:0:0:
64,192,26311,1,0,0:0:0:0:
320,192,26409,1,0,0:0:0:0:
64,192,26508,1,0,0:0:0:0:
448,192,26607,1,0,0:0:0:0:
192,192,26607,1,0,0:0:0:0:
320,192,26706,1,0,0:0:0:0:
64,192,26804,1,0,0:0:0:0:
320,192,26903,1,0,0:0:0:0:
192,192,26952,1,0,0:0:0:0:
64,192,27002,1,0,0:0:0:0:
448,192,27002,1,0,0:0:0:0:
192,192,27100,1,0,0:0:0:0:
320,192,27199,1,0,0:0:0:0:
64,192,27298,1,0,0:0:0:0:
192,192,27396,1,0,0:0:0:0:
320,192,27396,1,0,0:0:0:0:
448,192,27495,1,0,0:0:0:0:
192,192,27594,1,0,0:0:0:0:
320,192,27692,1,0,0:0:0:0:
448,192,27742,1,0,0:0:0:0:
64,192,27791,1,0,0:0:0:0:
192,192,27791,1,0,0:0:0:0:
320,192,27988,1,0,0:0:0:0:
192,192,28087,1,0,0:0:0:0:
320,192,28186,1,0,0:0:0:0:
64,192,28186,1,0,0:0:0:0:
448,192,28284,1,0,0:0:0:0:
320,192,28383,1,0,0:0:0:0:
64,192,28581,1,0,0:0:0:0:
448,192,28581,1,0,0:0:0:0:
320,192,28679,1,0,0:0:0:0:
192,192,28778,1,0,0:0:0:0:
320,192,28877,1,0,0:0:0:0:
448,192,28975,1,0,0:0:0:0:
192,192,28975,1,0,0:0:0:0:
64,192,29173,1,0,0:0:0:0:
448,192,29370,1,0,0:0:0:0:
320,192,29370,1,0,0:0:0:0:
192,192,29567,1,0,0:0:0:0:
320,192,29666,1,0,0:0:0:0:
192,192,29765,1,0,0:0:0:0:
448,192,29765,1,0,0:0:0:0:
64,192,29863,1,0,0:0:0:0:
448,192,30061,1,0,0:0:0:0:
320,192,30110,1,0,0:0:0:0:
192,192,30159,1,0,0:0:0:0:
64,192,30159,1,0,0:0:0:0:
320,192,30357,1,0,0:0:0:0:
448,192,30456,1,0,0:0:0:0:
320,192,30554,1,0,0:0:0:0:
192,192,30554,1,0,0:0:0:0:
64,192,30653,1,0,0:0:0:0:
448,192,30850,1,0,0:0:0:0:
320,192,30900,1,0,0:0:0:0:
192,192,30949,1,0,0:0:0:0:
64,192,30949,1,0,0:0:0:0:
448,192,31146,1,0,0:0:0:0:
320,192,31245,1,0,0:0:0:0:
192,192,31344,1,0,0:0:0:0:
448,192,31344,1,0,0:0:0:0:
64,192,31442,1,0,0:0:0:0:
448,192,31541,1,0,0:0:0:0:
192,192,31738,1,0,0:0:0:0:
320,192,31738,1,0,0:0:0:0:
64,192,31837,1,0,0:0:0:0:
320,192,32034,1,0,0:0:0:0:
448,192,32133,1,0,0:0:0:0:
192,192,32133,1,0,0:0:0:0:
192,192,32331,1,0,0:0:0:0:
320,192,32429,1,0,0:0:0:0:
192,192,32479,1,0,0:0:0:0:
64,192,32528,1,0,0:0:0:0:
448,192,32528,1,0,0:0:0:0:
192,192,32627,1,0,0:0:0:0:
320,192,32725,1,0,0:0:0:0:
64,192,32824,1,0,0:0:0:0:
448,192,32923,1,0,0:0:0:0:
192,192,32923,1,0,0:0:0:0:
320,192,33021,1,0,0:0:0:0:
64,192,33120,1,0,0:0:0:0:
320,192,33219,1,0,0:0:0:0:
192,192,33268,1,0,0:0:0:0:
64,192,33317,1,0,0:0:0:0:
448,192,33317,1,0,0:0:0:0:
192,192,33416,1,0,0:0:0:0:
320,192,33515,1,0,0:0:0:0:
64,192,33613,1,0,0:0:0:0:
192,192,33712,1,0,0:0:0:0:
320,192,33712,1,0,0:0:0:0:
448,192,33811,1,0,0:0:0:0:
192,192,33909,1,0,0:0:0:0:
320,192,34008,1,0,0:0:0:0:
448,192,34058,1,0,0:0:0:0:
64,192,34107,1,0,0:0:0:0:
192,192,34107,1,0,0:0:0:0:
320,192,34304,1,0,0:0:0:0:
192,192,34403,1,0,0:0:0:0:
320,192,34502,1,0,0:0:0:0:
64,192,34502,1,0,0:0:0:0:
448,192,34600,1,0,0:0:0:0:
320,192,34699,1,0,0:0:0:0:
64,192,34896,1,0,0:0:0:0:
192,192,34896,1,0,0:0:0:0:
320,192,34995,1,0,0:0:0:0:
192,192,35094,1,0,0:0:0:0:
320,192,35192,1,0,0:0:0:0:
448,192,35291,1,0,0:0:0:0:
64,192,35291,1,0,0:0:0:0:
64,192,35488,1,0,0:0:0:0:
448,192,35686,1,0,0:0:0:0:
320,192,35686,1,0,0:0:0:0:
64,192,35784,1,0,0:0:0:0:
192,192,35883,1,0,0:0:0:0:
320,192,35982,1,0,0:0:0:0:
448,192,36081,1,0,0:0:0:0:
192,192,36081,1,0,0:0:0:0:
64,192,36179,1,0,0:0:0:0:
192,192,36278,1,0,0:0:0:0:
320,192,36377,1,0,0:0:0:0:
192,192,36426,1,0,0:0:0:0:
64,192,36475,1,0,0:0:0:0:
448,192,36475,1,0,0:0:0:0:
192,192,36574,1,0,0:0:0:0:
320,192,36673,1,0,0:0:0:0:
448,192,36771,1,0,0:0:0:0:
64,192,36870,1,0,0:0:0:0:
320,192,36870,1,0,0:0:0:0:
192,192,36969,1,0,0:0:0:0:
64,192,37067,1,0,0:0:0:0:
320,192,37166,1,0,0:0:0:0:
448,192,37265,128,0,38054:0:0:0:0:
192,192,37265,1,0,0:0:0:0:
64,192,37265,1,0,0:0:0:0:
192,192,38054,128,0,38252:0:0:0:0:
320,192,38252,128,0,38449:0:0:0:0:
64,192,38449,128,0,38646:0:0:0:0:
448,192,38646,128,0,38844:0:0:0:0:
192,192,38844,128,0,38942:0:0:0:0:
64,192,38844,128,0,38942:0:0:0:0:
64,192,39041,1,0,0:0:0:0:
192,192,39041,1,0,0:0:0:0:
320,192,39238,1,0,0:0:0:0:
192,192,39337,1,0,0:0:0:0:
64,192,39337,1,0,0:0:0:0:
320,192,39534,128,0,39633:0:0:0:0:
64,192,39534,128,0,39633:0:0:0:0:
448,192,39633,1,0,0:0:0:0:
320,192,39831,1,0,0:0:0:0:
64,192,39831,1,0,0:0:0:0:
448,192,40028,1,0,0:0:0:0:
64,192,40127,1,0,0:0:0:0:
320,192,40127,1,0,0:0:0:0:
192,192,40324,128,0,40423:0:0:0:0:
320,192,40324,128,0,40423:0:0:0:0:
64,192,40423,1,0,0:0:0:0:
320,192,40620,1,0,0:0:0:0:
192,192,40620,1,0,0:0:0:0:
64,192,40817,1,0,0:0:0:0:
192,192,40916,1,0,0:0:0:0:
320,192,40916,1,0,0:0:0:0:
192,192,41113,128,0,41212:0:0:0:0:
448,192,41113,128,0,41212:0:0:0:0:
64,192,41212,1,0,0:0:0:0:
192,192,41409,1,0,0:0:0:0:
448,192,41409,1,0,0:0:0:0:
448,192,41607,1,0,0:0:0:0:
64,192,41706,128,0,41804:0:0:0:0:
320,192,41706,128,0,41804:0:0:0:0:
64,192,42002,128,0,42100:0:0:0:0:
192,192,42002,128,0,42100:0:0:0:0:
64,192,42199,1,0,0:0:0:0:
192,192,42199,1,0,0:0:0:0:
320,192,42396,1,0,0:0:0:0:
192,192,42495,1,0,0:0:0:0:
64,192,42495,1,0,0:0:0:0:
64,192,42692,128,0,42791:0:0:0:0:
320,192,42692,128,0,42791:0:0:0:0:
448,192,42791,1,0,0:0:0:0:
320,192,42988,1,0,0:0:0:0:
64,192,42988,1,0,0:0:0:0:
448,192,43186,1,0,0:0:0:0:
64,192,43284,1,0,0:0:0:0:
320,192,43284,1,0,0:0:0:0:
192,192,43482,128,0,43581:0:0:0:0:
320,192,43482,128,0,43581:0:0:0:0:
64,192,43581,1,0,0:0:0:0:
320,192,43778,1,0,0:0:0:0:
192,192,43778,1,0,0:0:0:0:
64,192,43975,1,0,0:0:0:0:
192,192,44074,1,0,0:0:0:0:
320,192,44074,1,0,0:0:0:0:
192,192,44271,128,0,44370:0:0:0:0:
448,192,44271,128,0,44370:0:0:0:0:
64,192,44370,1,0,0:0:0:0:
192,192,44567,1,0,0:0:0:0:
448,192,44567,1,0,0:0:0:0:
448,192,44765,128,0,44962:0:0:0:0:
320,192,44765,128,0,44863:0:0:0:0:
64,192,44765,128,0,44863:0:0:0:0:
64,192,44962,128,0,46146:0:0:0:0:
320,192,45159,1,0,0:0:0:0:
192,192,45159,1,0,0:0:0:0:
192,192,45357,1,0,0:0:0:0:
448,192,45456,1,0,0:0:0:0:
192,192,45554,1,0,0:0:0:0:
320,192,45554,1,0,0:0:0:0:
448,192,45752,1,0,0:0:0:0:
320,192,45850,1,0,0:0:0:0:
192,192,45949,1,0,0:0:0:0:
448,192,45949,1,0,0:0:0:0:
320,192,46146,128,0,46344:0:0:0:0:
448,192,46245,1,0,0:0:0:0:
192,192,46344,128,0,46541:0:0:0:0:
64,192,46344,1,0,0:0:0:0:
448,192,46541,128,0,47725:0:0:0:0:
64,192,46640,1,0,0:0:0:0:
320,192,46738,1,0,0:0:0:0:
192,192,46738,1,0,0:0:0:0:
320,192,46936,1,0,0:0:0:0:
64,192,47034,1,0,0:0:0:0:
320,192,47133,1,0,0:0:0:0:
192,192,47133,1,0,0:0:0:0:
64,192,47331,1,0,0:0:0:0:
192,192,47429,1,0,0:0:0:0:
320,192,47528,1,0,0:0:0:0:
64,192,47528,1,0,0:0:0:0:
320,192,47725,128,0,47923:0:0:0:0:
64,192,47824,1,0,0:0:0:0:
192,192,47923,128,0,48120:0:0:0:0:
448,192,47923,1,0,0:0:0:0:
64,192,48120,128,0,49798:0:0:0:0:
192,192,48219,1,0,0:0:0:0:
320,192,48317,1,0,0:0:0:0:
448,192,48317,1,0,0:0:0:0:
192,192,48515,1,0,0:0:0:0:
448,192,48613,1,0,0:0:0:0:
320,192,48712,1,0,0:0:0:0:
192,192,48712,1,0,0:0:0:0:
448,192,48909,1,0,0:0:0:0:
192,192,49008,1,0,0:0:0:0:
320,192,49107,1,0,0:0:0:0:
448,192,49107,1,0,0:0:0:0:
192,192,49304,1,0,0:0:0:0:
448,192,49403,1,0,0:0:0:0:
320,192,49502,1,0,0:0:0:0:
192,192,49502,1,0,0:0:0:0:
448,192,49699,1,0,0:0:0:0:
192,192,49798,1,0,0:0:0:0:
448,192,49896,1,0,0:0:0:0:
320,192,49896,1,0,0:0:0:0:
320,192,50094,1,0,0:0:0:0:
448,192,50192,1,0,0:0:0:0:
192,192,50291,1,0,0:0:0:0:
64,192,50291,1,0,0:0:0:0:
192,192,50686,128,0,50883:0:0:0:0:
64,192,50784,1,0,0:0:0:0:
320,192,50784,1,0,0:0:0:0:
448,192,50883,128,0,51081:0:0:0:0:
320,192,51081,128,0,51278:0:0:0:0:
192,192,51081,1,0,0:0:0:0:
448,192,51278,128,0,51475:0:0:0:0:
64,192,51278,1,0,0:0:0:0:
192,192,51475,128,0,51574:0:0:0:0:
64,192,51475,128,0,51574:0:0:0:0:
320,192,51475,1,0,0:0:0:0:
64,192,51673,1,0,0:0:0:0:
192,192,51673,1,0,0:0:0:0:
320,192,51870,1,0,0:0:0:0:
192,192,51969,1,0,0:0:0:0:
64,192,51969,1,0,0:0:0:0:
64,192,52166,128,0,52265:0:0:0:0:
320,192,52166,128,0,52265:0:0:0:0:
448,192,52265,1,0,0:0:0:0:
320,192,52462,1,0,0:0:0:0:
64,192,52462,1,0,0:0:0:0:
448,192,52659,1,0,0:0:0:0:
64,192,52758,1,0,0:0:0:0:
320,192,52758,1,0,0:0:0:0:
192,192,52956,128,0,53054:0:0:0:0:
320,192,52956,128,0,53054:0:0:0:0:
64,192,53054,1,0,0:0:0:0:
320,192,53252,1,0,0:0:0:0:
192,192,53252,1,0,0:0:0:0:
64,192,53449,1,0,0:0:0:0:
192,192,53548,1,0,0:0:0:0:
320,192,53548,1,0,0:0:0:0:
192,192,53745,128,0,53844:0:0:0:0:
448,192,53745,128,0,53844:0:0:0:0:
64,192,53844,1,0,0:0:0:0:
192,192,54041,1,0,0:0:0:0:
448,192,54041,1,0,0:0:0:0:
448,192,54238,1,0,0:0:0:0:
320,192,54337,128,0,54436:0:0:0:0:
64,192,54337,128,0,54436:0:0:0:0:
64,192,54633,128,0,54732:0:0:0:0:
192,192,54633,128,0,54732:0:0:0:0:
64,192,54831,1,0,0:0:0:0:
192,192,54831,1,0,0:0:0:0:
320,192,55028,1,0,0:0:0:0:
192,192,55127,1,0,0:0:0:0:
64,192,55127,1,0,0:0:0:0:
64,192,55324,128,0,55423:0:0:0:0:
320,192,55324,128,0,55423:0:0:0:0:
448,192,55423,1,0,0:0:0:0:
320,192,55620,1,0,0:0:0:0:
64,192,55620,1,0,0:0:0:0:
448,192,55817,1,0,0:0:0:0:
64,192,55916,1,0,0:0:0:0:
320,192,55916,1,0,0:0:0:0:
192,192,56113,128,0,56212:0:0:0:0:
320,192,56113,128,0,56212:0:0:0:0:
64,192,56212,1,0,0:0:0:0:
320,192,56409,1,0,0:0:0:0:
192,192,56409,1,0,0:0:0:0:
64,192,56607,1,0,0:0:0:0:
192,192,56706,1,0,0:0:0:0:
320,192,56706,1,0,0:0:0:0:
192,192,56903,128,0,57002:0:0:0:0:
448,192,56903,128,0,57002:0:0:0:0:
64,192,57002,1,0,0:0:0:0:
192,192,57199,1,0,0:0:0:0:
448,192,57199,1,0,0:0:0:0:
448,192,57396,128,0,57594:0:0:0:0:
320,192,57396,128,0,57495:0:0:0:0:
64,192,57396,128,0,57495:0:0:0:0:
64,192,57594,128,0,58778:0:0:0:0:
320,192,57791,1,0,0:0:0:0:
192,192,57791,1,0,0:0:0:0:
192,192,57988,1,0,0:0:0:0:
448,192,58087,1,0,0:0:0:0:
320,192,58186,1,0,0:0:0:0:
192,192,58186,1,0,0:0:0:0:
448,192,58383,1,0,0:0:0:0:
320,192,58482,1,0,0:0:0:0:
192,192,58581,1,0,0:0:0:0:
448,192,58581,1,0,0:0:0:0:
320,192,58778,128,0,58975:0:0:0:0:
448,192,58877,1,0,0:0:0:0:
192,192,58975,128,0,59173:0:0:0:0:
64,192,58975,1,0,0:0:0:0:
448,192,59173,128,0,60159:0:0:0:0:
64,192,59271,1,0,0:0:0:0:
192,192,59370,1,0,0:0:0:0:
320,192,59370,1,0,0:0:0:0:
320,192,59567,1,0,0:0:0:0:
64,192,59666,1,0,0:0:0:0:
320,192,59765,1,0,0:0:0:0:
192,192,59765,1,0,0:0:0:0:
64,192,59962,1,0,0:0:0:0:
192,192,60061,1,0,0:0:0:0:
320,192,60159,1,0,0:0:0:0:
64,192,60159,1,0,0:0:0:0:
448,192,60357,128,0,60554:0:0:0:0:
320,192,60456,1,0,0:0:0:0:
64,192,60554,128,0,60752:0:0:0:0:
192,192,60554,1,0,0:0:0:0:
320,192,60752,128,0,62923:0:0:0:0:
448,192,60850,1,0,0:0:0:0:
192,192,60949,1,0,0:0:0:0:
64,192,60949,1,0,0:0:0:0:
448,192,61146,1,0,0:0:0:0:
64,192,61245,1,0,0:0:0:0:
192,192,61344,1,0,0:0:0:0:
448,192,61344,1,0,0:0:0:0:
64,192,61541,1,0,0:0:0:0:
448,192,61640,1,0,0:0:0:0:
64,192,61738,1,0,0:0:0:0:
192,192,61738,1,0,0:0:0:0:
448,192,61936,1,0,0:0:0:0:
64,192,62034,1,0,0:0:0:0:
448,192,62133,1,0,0:0:0:0:
192,192,62133,1,0,0:0:0:0:
64,192,62331,1,0,0:0:0:0:
448,192,62429,1,0,0:0:0:0:
192,192,62528,1,0,0:0:0:0:
64,192,62528,1,0,0:0:0:0:
64,192,62923,1,0,0:0:0:0:
448,192,62923,1,0,0:0:0:0:
64,192,63712,1,0,0:0:0:0:
192,192,63761,1,0,0:0:0:0:
320,192,63811,1,0,0:0:0:0:
448,192,63860,1,0,0:0:0:0:
64,192,63909,1,0,0:0:0:0:
192,192,63959,1,0,0:0:0:0:
320,192,64008,1,0,0:0:0:0:
448,192,64058,1,0,0:0:0:0:
192,192,64107,1,0,0:0:0:0:
64,192,64107,1,0,0:0:0:0:
320,192,64304,1,0,0:0:0:0:
64,192,64403,1,0,0:0:0:0:
192,192,64502,1,0,0:0:0:0:
448,192,64502,1,0,0:0:0:0:
320,192,64699,1,0,0:0:0:0:
448,192,64798,1,0,0:0:0:0:
64,192,64896,128,0,65094:0:0:0:0:
320,192,64896,1,0,0:0:0:0:
192,192,65094,128,0,65291:0:0:0:0:
448,192,65192,1,0,0:0:0:0:
320,192,65291,128,0,65488:0:0:0:0:
64,192,65291,1,0,0:0:0:0:
448,192,65488,128,0,66475:0:0:0:0:
192,192,65587,1,0,0:0:0:0:
64,192,65686,1,0,0:0:0:0:
320,192,65686,1,0,0:0:0:0:
192,192,65883,1,0,0:0:0:0:
64,192,65982,1,0,0:0:0:0:
320,192,66081,1,0,0:0:0:0:
192,192,66081,1,0,0:0:0:0:
192,192,66278,1,0,0:0:0:0:
320,192,66377,1,0,0:0:0:0:
64,192,66475,128,0,66673:0:0:0:0:
192,192,66475,1,0,0:0:0:0:
320,192,66673,128,0,66870:0:0:0:0:
64,192,66771,1,0,0:0:0:0:
448,192,66870,1,0,0:0:0:0:
192,192,66870,128,0,67067:0:0:0:0:
448,192,67067,128,0,67857:0:0:0:0:
320,192,67166,1,0,0:0:0:0:
64,192,67265,1,0,0:0:0:0:
192,192,67265,1,0,0:0:0:0:
192,192,67462,1,0,0:0:0:0:
320,192,67561,1,0,0:0:0:0:
64,192,67659,1,0,0:0:0:0:
192,192,67659,1,0,0:0:0:0:
192,192,67857,128,0,69633:0:0:0:0:
320,192,67956,1,0,0:0:0:0:
448,192,68054,1,0,0:0:0:0:
64,192,68054,1,0,0:0:0:0:
320,192,68252,1,0,0:0:0:0:
448,192,68350,1,0,0:0:0:0:
320,192,68449,1,0,0:0:0:0:
64,192,68449,1,0,0:0:0:0:
448,192,68646,1,0,0:0:0:0:
320,192,68745,1,0,0:0:0:0:
448,192,68844,1,0,0:0:0:0:
64,192,68844,1,0,0:0:0:0:
320,192,69041,1,0,0:0:0:0:
448,192,69140,1,0,0:0:0:0:
320,192,69238,1,0,0:0:0:0:
64,192,69238,1,0,0:0:0:0:
448,192,69436,1,0,0:0:0:0:
320,192,69534,1,0,0:0:0:0:
64,192,69633,128,0,69831:0:0:0:0:
448,192,69633,1,0,0:0:0:0:
192,192,69831,128,0,70028:0:0:0:0:
320,192,69929,1,0,0:0:0:0:
448,192,70028,128,0,70225:0:0:0:0:
64,192,70028,1,0,0:0:0:0:
320,192,70225,128,0,70620:0:0:0:0:
192,192,70324,1,0,0:0:0:0:
448,192,70423,1,0,0:0:0:0:
64,192,70423,1,0,0:0:0:0:
64,192,70620,128,0,71607:0:0:0:0:
448,192,70719,1,0,0:0:0:0:
320,192,70817,1,0,0:0:0:0:
192,192,70817,1,0,0:0:0:0:
192,192,71015,1,0,0:0:0:0:
448,192,71113,1,0,0:0:0:0:
320,192,71212,1,0,0:0:0:0:
192,192,71212,1,0,0:0:0:0:
320,192,71409,1,0,0:0:0:0:
448,192,71508,1,0,0:0:0:0:
320,192,71607,128,0,71804:0:0:0:0:
192,192,71607,1,0,0:0:0:0:
192,192,71804,128,0,72199:0:0:0:0:
64,192,71903,1,0,0:0:0:0:
320,192,72002,1,0,0:0:0:0:
448,192,72002,1,0,0:0:0:0:
64,192,72199,128,0,73186:0:0:0:0:
320,192,72298,1,0,0:0:0:0:
192,192,72396,1,0,0:0:0:0:
448,192,72396,1,0,0:0:0:0:
448,192,72594,1,0,0:0:0:0:
320,192,72692,1,0,0:0:0:0:
192,192,72791,1,0,0:0:0:0:
448,192,72791,1,0,0:0:0:0:
320,192,72988,1,0,0:0:0:0:
448,192,73087,1,0,0:0:0:0:
320,192,73186,128,0,73383:0:0:0:0:
192,192,73186,1,0,0:0:0:0:
448,192,73383,128,0,75159:0:0:0:0:
64,192,73482,1,0,0:0:0:0:
320,192,73581,1,0,0:0:0:0:
192,192,73581,1,0,0:0:0:0:
192,192,73778,1,0,0:0:0:0:
64,192,73877,1,0,0:0:0:0:
320,192,73975,1,0,0:0:0:0:
192,192,73975,1,0,0:0:0:0:
320,192,74173,1,0,0:0:0:0:
64,192,74271,1,0,0:0:0:0:
320,192,74370,1,0,0:0:0:0:
192,192,74370,1,0,0:0:0:0:
192,192,74567,1,0,0:0:0:0:
64,192,74666,1,0,0:0:0:0:
192,192,74765,1,0,0:0:0:0:
320,192,74765,1,0,0:0:0:0:
320,192,74962,1,0,0:0:0:0:
64,192,75061,1,0,0:0:0:0:
320,192,75159,1,0,0:0:0:0:
192,192,75159,1,0,0:0:0:0:
64,192,75357,1,0,0:0:0:0:
192,192,75456,1,0,0:0:0:0:
448,192,75554,1,0,0:0:0:0:
320,192,75554,1,0,0:0:0:0:
192,192,75752,1,0,0:0:0:0:
64,192,75850,1,0,0:0:0:0:
192,192,75949,1,0,0:0:0:0:
320,192,75949,1,0,0:0:0:0:
448,192,76146,1,0,0:0:0:0:
320,192,76245,1,0,0:0:0:0:
192,192,76344,1,0,0:0:0:0:
64,192,76344,1,0,0:0:0:0:
448,192,76541,1,0,0:0:0:0:
192,192,76541,1,0,0:0:0:0:
320,192,76738,1,0,0:0:0:0:
192,192,76738,1,0,0:0:0:0:
64,192,76738,1,0,0:0:0:0:
320,192,76936,1,0,0:0:0:0:
448,192,77034,1,0,0:0:0:0:
192,192,77133,1,0,0:0:0:0:
64,192,77133,1,0,0:0:0:0:
320,192,77331,1,0,0:0:0:0:
448,192,77429,1,0,0:0:0:0:
64,192,77528,128,0,77725:0:0:0:0:
192,192,77528,1,0,0:0:0:0:
192,192,77725,128,0,77923:0:0:0:0:
448,192,77824,1,0,0:0:0:0:
320,192,77923,128,0,78120:0:0:0:0:
64,192,77923,1,0,0:0:0:0:
448,192,78120,128,0,79107:0:0:0:0:
192,192,78219,1,0,0:0:0:0:
64,192,78317,1,0,0:0:0:0:
320,192,78317,1,0,0:0:0:0:
64,192,78515,1,0,0:0:0:0:
192,192,78613,1,0,0:0:0:0:
320,192,78712,1,0,0:0:0:0:
64,192,78712,1,0,0:0:0:0:
320,192,78909,1,0,0:0:0:0:
192,192,79008,1,0,0:0:0:0:
64,192,79107,128,0,79304:0:0:0:0:
320,192,79107,1,0,0:0:0:0:
320,192,79304,128,0,79502:0:0:0:0:
448,192,79403,1,0,0:0:0:0:
192,192,79502,128,0,79699:0:0:0:0:
64,192,79502,1,0,0:0:0:0:
320,192,79699,128,0,80488:0:0:0:0:
448,192,79798,1,0,0:0:0:0:
64,192,79896,1,0,0:0:0:0:
192,192,79896,1,0,0:0:0:0:
64,192,80094,1,0,0:0:0:0:
192,192,80192,1,0,0:0:0:0:
64,192,80291,1,0,0:0:0:0:
448,192,80291,1,0,0:0:0:0:
448,192,80488,128,0,82265:0:0:0:0:
64,192,80587,1,0,0:0:0:0:
320,192,80686,1,0,0:0:0:0:
192,192,80686,1,0,0:0:0:0:
192,192,80883,1,0,0:0:0:0:
64,192,80982,1,0,0:0:0:0:
320,192,81081,1,0,0:0:0:0:
192,192,81081,1,0,0:0:0:0:
320,192,81278,1,0,0:0:0:0:
64,192,81377,1,0,0:0:0:0:
192,192,81475,1,0,0:0:0:0:
320,192,81475,1,0,0:0:0:0:
192,192,81673,1,0,0:0:0:0:
64,192,81771,1,0,0:0:0:0:
192,192,81870,1,0,0:0:0:0:
320,192,81870,1,0,0:0:0:0:
320,192,82067,1,0,0:0:0:0:
64,192,82166,1,0,0:0:0:0:
192,192,82265,128,0,82462:0:0:0:0:
320,192,82265,1,0,0:0:0:0:
64,192,82462,128,0,82659:0:0:0:0:
448,192,82561,1,0,0:0:0:0:
320,192,82659,128,0,82857:0:0:0:0:
192,192,82659,1,0,0:0:0:0:
448,192,82857,128,0,84633:0:0:0:0:
192,192,82956,1,0,0:0:0:0:
320,192,83054,1,0,0:0:0:0:
64,192,83054,1,0,0:0:0:0:
64,192,83252,1,0,0:0:0:0:
192,192,83350,1,0,0:0:0:0:
320,192,83449,1,0,0:0:0:0:
64,192,83449,1,0,0:0:0:0:
320,192,83646,1,0,0:0:0:0:
192,192,83745,1,0,0:0:0:0:
320,192,83844,1,0,0:0:0:0:
64,192,83844,1,0,0:0:0:0:
64,192,84041,1,0,0:0:0:0:
192,192,84140,1,0,0:0:0:0:
320,192,84238,1,0,0:0:0:0:
64,192,84238,1,0,0:0:0:0:
320,192,84436,1,0,0:0:0:0:
192,192,84534,1,0,0:0:0:0:
320,192,84633,1,0,0:0:0:0:
64,192,84633,1,0,0:0:0:0:
192,192,84831,1,0,0:0:0:0:
320,192,84929,1,0,0:0:0:0:
64,192,85028,1,0,0:0:0:0:
448,192,85028,1,0,0:0:0:0:
320,192,85225,1,0,0:0:0:0:
192,192,85324,1,0,0:0:0:0:
448,192,85423,1,0,0:0:0:0:
64,192,85423,1,0,0:0:0:0:
64,192,85620,1,0,0:0:0:0:
192,192,85719,1,0,0:0:0:0:
448,192,85817,128,0,86015:0:0:0:0:
320,192,85817,1,0,0:0:0:0:
320,192,86015,128,0,87791:0:0:0:0:
64,192,86113,1,0,0:0:0:0:
192,192,86212,1,0,0:0:0:0:
448,192,86212,1,0,0:0:0:0:
64,192,86409,1,0,0:0:0:0:
448,192,86508,1,0,0:0:0:0:
192,192,86607,1,0,0:0:0:0:
64,192,86607,1,0,0:0:0:0:
448,192,86804,1,0,0:0:0:0:
64,192,86903,1,0,0:0:0:0:
192,192,87002,1,0,0:0:0:0:
448,192,87002,1,0,0:0:0:0:
64,192,87199,1,0,0:0:0:0:
448,192,87298,1,0,0:0:0:0:
192,192,87396,1,0,0:0:0:0:
64,192,87396,1,0,0:0:0:0:
448,192,87594,1,0,0:0:0:0:
64,192,87692,1,0,0:0:0:0:
192,192,87791,1,0,0:0:0:0:
448,192,87791,1,0,0:0:0:0:
320,192,87988,1,0,0:0:0:0:
448,192,88087,1,0,0:0:0:0:
192,192,88186,1,0,0:0:0:0:
64,192,88186,1,0,0:0:0:0:
192,192,88383,1,0,0:0:0:0:
64,192,88482,1,0,0:0:0:0:
448,192,88581,1,0,0:0:0:0:
320,192,88581,1,0,0:0:0:0:
64,192,88679,1,0,0:0:0:0:
192,192,88679,1,0,0:0:0:0:
448,192,88778,1,0,0:0:0:0:
192,192,88877,1,0,0:0:0:0:
64,192,88877,1,0,0:0:0:0:
320,192,88975,1,0,0:0:0:0:
192,192,89074,1,0,0:0:0:0:
64,192,89074,1,0,0:0:0:0:
448,192,89173,1,0,0:0:0:0:
192,192,89271,1,0,0:0:0:0:
64,192,89271,1,0,0:0:0:0:
64,192,89370,1,0,0:0:0:0:
192,192,89370,1,0,0:0:0:0:
448,192,89370,1,0,0:0:0:0:
320,192,89469,1,0,0:0:0:0:
64,192,89567,1,0,0:0:0:0:
192,192,89666,1,0,0:0:0:0:
320,192,89765,1,0,0:0:0:0:
64,192,89765,1,0,0:0:0:0:
192,192,89863,1,0,0:0:0:0:
448,192,89962,1,0,0:0:0:0:
320,192,90061,1,0,0:0:0:0:
192,192,90159,1,0,0:0:0:0:
448,192,90159,1,0,0:0:0:0:
64,192,90258,1,0,0:0:0:0:
192,192,90357,1,0,0:0:0:0:
448,192,90456,1,0,0:0:0:0:
192,192,90554,1,0,0:0:0:0:
64,192,90554,1,0,0:0:0:0:
448,192,90653,1,0,0:0:0:0:
320,192,90752,1,0,0:0:0:0:
64,192,90850,1,0,0:0:0:0:
320,192,90949,1,0,0:0:0:0:
448,192,90949,1,0,0:0:0:0:
192,192,91048,1,0,0:0:0:0:
448,192,91146,1,0,0:0:0:0:
320,192,91245,1,0,0:0:0:0:
192,192,91344,1,0,0:0:0:0:
448,192,91344,1,0,0:0:0:0:
320,192,91442,1,0,0:0:0:0:
64,192,91541,1,0,0:0:0:0:
192,192,91640,1,0,0:0:0:0:
320,192,91738,1,0,0:0:0:0:
64,192,91738,1,0,0:0:0:0:
448,192,91837,1,0,0:0:0:0:
320,192,91936,1,0,0:0:0:0:
64,192,92034,1,0,0:0:0:0:
320,192,92133,1,0,0:0:0:0:
448,192,92133,1,0,0:0:0:0:
64,192,92232,1,0,0:0:0:0:
192,192,92331,1,0,0:0:0:0:
448,192,92429,1,0,0:0:0:0:
192,192,92528,1,0,0:0:0:0:
64,192,92528,1,0,0:0:0:0:
320,192,92627,1,0,0:0:0:0:
64,192,92725,1,0,0:0:0:0:
192,192,92824,1,0,0:0:0:0:
320,192,92923,1,0,0:0:0:0:
64,192,92923,1,0,0:0:0:0:
192,192,93021,1,0,0:0:0:0:
448,192,93120,1,0,0:0:0:0:
320,192,93219,1,0,0:0:0:0:
192,192,93317,1,0,0:0:0:0:
448,192,93317,1,0,0:0:0:0:
64,192,93416,1,0,0:0:0:0:
192,192,93515,1,0,0:0:0:0:
448,192,93613,1,0,0:0:0:0:
192,192,93712,1,0,0:0:0:0:
64,192,93712,1,0,0:0:0:0:
448,192,93811,1,0,0:0:0:0:
320,192,93909,1,0,0:0:0:0:
64,192,94008,1,0,0:0:0:0:
320,192,94107,1,0,0:0:0:0:
448,192,94107,1,0,0:0:0:0:
192,192,94206,1,0,0:0:0:0:
448,192,94304,1,0,0:0:0:0:
320,192,94403,1,0,0:0:0:0:
192,192,94502,1,0,0:0:0:0:
448,192,94502,1,0,0:0:0:0:
320,192,94600,1,0,0:0:0:0:
64,192,94699,1,0,0:0:0:0:
192,192,94798,1,0,0:0:0:0:
320,192,94896,1,0,0:0:0:0:
64,192,94896,1,0,0:0:0:0:
448,192,94995,1,0,0:0:0:0:
320,192,95094,1,0,0:0:0:0:
64,192,95192,1,0,0:0:0:0:
320,192,95291,1,0,0:0:0:0:
448,192,95291,1,0,0:0:0:0:
64,192,95390,1,0,0:0:0:0:
192,192,95488,1,0,0:0:0:0:
448,192,95587,1,0,0:0:0:0:
192,192,95686,1,0,0:0:0:0:
64,192,95686,1,0,0:0:0:0:
320,192,95784,1,0,0:0:0:0:
64,192,95883,1,0,0:0:0:0:
192,192,95982,1,0,0:0:0:0:
64,192,96081,1,0,0:0:0:0:
320,192,96081,1,0,0:0:0:0:
192,192,96179,1,0,0:0:0:0:
448,192,96278,1,0,0:0:0:0:
320,192,96377,1,0,0:0:0:0:
448,192,96475,1,0,0:0:0:0:
192,192,96475,1,0,0:0:0:0:
64,192,96574,1,0,0:0:0:0:
192,192,96673,1,0,0:0:0:0:
448,192,96771,1,0,0:0:0:0:
64,192,96870,1,0,0:0:0:0:
192,192,96870,1,0,0:0:0:0:
448,192,96969,1,0,0:0:0:0:
320,192,97067,1,0,0:0:0:0:
64,192,97166,1,0,0:0:0:0:
448,192,97265,1,0,0:0:0:0:
320,192,97265,1,0,0:0:0:0:
192,192,97363,1,0,0:0:0:0:
448,192,97462,1,0,0:0:0:0:
320,192,97561,1,0,0:0:0:0:
448,192,97659,1,0,0:0:0:0:
192,192,97659,1,0,0:0:0:0:
320,192,97758,1,0,0:0:0:0:
64,192,97857,1,0,0:0:0:0:
192,192,97956,1,0,0:0:0:0:
64,192,98054,1,0,0:0:0:0:
320,192,98054,1,0,0:0:0:0:
448,192,98153,1,0,0:0:0:0:
320,192,98252,1,0,0:0:0:0:
64,192,98350,1,0,0:0:0:0:
448,192,98449,1,0,0:0:0:0:
320,192,98449,1,0,0:0:0:0:
64,192,98548,1,0,0:0:0:0:
192,192,98646,1,0,0:0:0:0:
448,192,98745,1,0,0:0:0:0:
64,192,98844,1,0,0:0:0:0:
192,192,98844,1,0,0:0:0:0:
320,192,98942,1,0,0:0:0:0:
64,192,99041,1,0,0:0:0:0:
192,192,99140,1,0,0:0:0:0:
320,192,99238,1,0,0:0:0:0:
64,192,99238,1,0,0:0:0:0:
192,192,99337,1,0,0:0:0:0:
448,192,99436,1,0,0:0:0:0:
320,192,99534,1,0,0:0:0:0:
192,192,99633,1,0,0:0:0:0:
448,192,99633,1,0,0:0:0:0:
64,192,99732,1,0,0:0:0:0:
192,192,99831,1,0,0:0:0:0:
448,192,99929,1,0,0:0:0:0:
192,192,100028,1,0,0:0:0:0:
64,192,100028,1,0,0:0:0:0:
448,192,100127,1,0,0:0:0:0:
320,192,100225,1,0,0:0:0:0:
64,192,100324,1,0,0:0:0:0:
320,192,100423,1,0,0:0:0:0:
448,192,100423,1,0,0:0:0:0:
192,192,100521,1,0,0:0:0:0:
448,192,100620,1,0,0:0:0:0:
320,192,100719,1,0,0:0:0:0:
192,192,100817,1,0,0:0:0:0:
448,192,100817,1,0,0:0:0:0:
320,192,100916,1,0,0:0:0:0:
64,192,101015,1,0,0:0:0:0:
192,192,101113,5,0,0:0:0:0:
320,192,101212,1,0,0:0:0:0:
64,192,101212,1,0,0:0:0:0:
448,192,101311,1,0,0:0:0:0:
320,192,101409,1,0,0:0:0:0:
64,192,101508,1,0,0:0:0:0:
320,192,101607,1,0,0:0:0:0:
448,192,101607,1,0,0:0:0:0:
64,192,101706,1,0,0:0:0:0:
192,192,101804,1,0,0:0:0:0:
448,192,101903,1,0,0:0:0:0:
320,192,102002,5,0,0:0:0:0:
192,192,102002,1,0,0:0:0:0:
64,192,102002,1,0,0:0:0:0:
448,192,102100,1,0,0:0:0:0:
320,192,102199,1,0,0:0:0:0:
192,192,102298,1,0,0:0:0:0:
320,192,102396,1,0,0:0:0:0:
448,192,102396,1,0,0:0:0:0:
192,192,102495,1,0,0:0:0:0:
64,192,102594,1,0,0:0:0:0:
320,192,102692,1,0,0:0:0:0:
64,192,102791,128,0,102988:0:0:0:0:
448,192,102791,1,0,0:0:0:0:
320,192,102890,1,0,0:0:0:0:
192,192,102988,128,0,103186:0:0:0:0:
448,192,103087,1,0,0:0:0:0:
320,192,103186,128,0,103383:0:0:0:0:
64,192,103186,1,0,0:0:0:0:
192,192,103284,1,0,0:0:0:0:
448,192,103383,128,0,104370:0:0:0:0:
64,192,103482,1,0,0:0:0:0:
192,192,103581,1,0,0:0:0:0:
320,192,103581,1,0,0:0:0:0:
64,192,103679,1,0,0:0:0:0:
320,192,103778,1,0,0:0:0:0:
64,192,103877,1,0,0:0:0:0:
320,192,103975,1,0,0:0:0:0:
192,192,103975,1,0,0:0:0:0:
64,192,104074,1,0,0:0:0:0:
192,192,104173,1,0,0:0:0:0:
320,192,104271,1,0,0:0:0:0:
64,192,104370,128,0,104567:0:0:0:0:
192,192,104370,1,0,0:0:0:0:
320,192,104469,1,0,0:0:0:0:
192,192,104567,128,0,104765:0:0:0:0:
64,192,104666,1,0,0:0:0:0:
320,192,104765,1,0,0:0:0:0:
448,192,104765,128,0,104962:0:0:0:0:
64,192,104863,1,0,0:0:0:0:
320,192,104962,128,0,105752:0:0:0:0:
448,192,105061,1,0,0:0:0:0:
64,192,105159,1,0,0:0:0:0:
192,192,105159,1,0,0:0:0:0:
448,192,105258,1,0,0:0:0:0:
192,192,105357,1,0,0:0:0:0:
64,192,105456,1,0,0:0:0:0:
448,192,105554,1,0,0:0:0:0:
192,192,105554,1,0,0:0:0:0:
64,192,105653,1,0,0:0:0:0:
448,192,105752,128,0,107528:0:0:0:0:
320,192,105850,1,0,0:0:0:0:
192,192,105949,1,0,0:0:0:0:
64,192,105949,1,0,0:0:0:0:
320,192,106048,1,0,0:0:0:0:
192,192,106146,1,0,0:0:0:0:
64,192,106245,1,0,0:0:0:0:
320,192,106344,1,0,0:0:0:0:
192,192,106344,1,0,0:0:0:0:
64,192,106442,1,0,0:0:0:0:
192,192,106541,1,0,0:0:0:0:
320,192,106640,1,0,0:0:0:0:
64,192,106738,1,0,0:0:0:0:
192,192,106738,1,0,0:0:0:0:
320,192,106837,1,0,0:0:0:0:
192,192,106936,1,0,0:0:0:0:
64,192,107034,1,0,0:0:0:0:
320,192,107133,1,0,0:0:0:0:
192,192,107133,1,0,0:0:0:0:
64,192,107232,1,0,0:0:0:0:
192,192,107331,1,0,0:0:0:0:
320,192,107429,1,0,0:0:0:0:
64,192,107528,128,0,107725:0:0:0:0:
192,192,107528,1,0,0:0:0:0:
448,192,107627,1,0,0:0:0:0:
192,192,107725,128,0,107923:0:0:0:0:
448,192,107824,1,0,0:0:0:0:
320,192,107923,128,0,108120:0:0:0:0:
64,192,107923,1,0,0:0:0:0:
192,192,108021,1,0,0:0:0:0:
448,192,108120,128,0,109304:0:0:0:0:
192,192,108219,1,0,0:0:0:0:
320,192,108317,1,0,0:0:0:0:
64,192,108317,1,0,0:0:0:0:
192,192,108416,1,0,0:0:0:0:
320,192,108515,1,0,0:0:0:0:
64,192,108613,1,0,0:0:0:0:
192,192,108712,1,0,0:0:0:0:
320,192,108712,1,0,0:0:0:0:
64,192,108811,1,0,0:0:0:0:
192,192,108909,1,0,0:0:0:0:
320,192,109008,1,0,0:0:0:0:
192,192,109107,1,0,0:0:0:0:
64,192,109107,1,0,0:0:0:0:
320,192,109206,1,0,0:0:0:0:
192,192,109304,128,0,109502:0:0:0:0:
64,192,109403,1,0,0:0:0:0:
320,192,109502,128,0,109699:0:0:0:0:
448,192,109502,1,0,0:0:0:0:
192,192,109600,1,0,0:0:0:0:
64,192,109699,128,0,110488:0:0:0:0:
320,192,109798,1,0,0:0:0:0:
192,192,109896,1,0,0:0:0:0:
448,192,109896,1,0,0:0:0:0:
320,192,109995,1,0,0:0:0:0:
448,192,110094,1,0,0:0:0:0:
192,192,110192,1,0,0:0:0:0:
320,192,110291,1,0,0:0:0:0:
448,192,110291,1,0,0:0:0:0:
192,192,110390,1,0,0:0:0:0:
320,192,110488,128,0,110686:0:0:0:0:
192,192,110587,1,0,0:0:0:0:
64,192,110686,128,0,110883:0:0:0:0:
448,192,110686,1,0,0:0:0:0:
320,192,110784,1,0,0:0:0:0:
192,192,110883,128,0,111081:0:0:0:0:
448,192,110982,1,0,0:0:0:0:
320,192,111081,128,0,111278:0:0:0:0:
64,192,111081,1,0,0:0:0:0:
192,192,111179,1,0,0:0:0:0:
448,192,111278,128,0,114140:0:0:0:0:
192,192,111377,1,0,0:0:0:0:
64,192,111475,1,0,0:0:0:0:
320,192,111475,1,0,0:0:0:0:
192,192,111574,1,0,0:0:0:0:
320,192,111673,1,0,0:0:0:0:
192,192,111771,1,0,0:0:0:0:
64,192,111870,1,0,0:0:0:0:
192,192,111969,1,0,0:0:0:0:
320,192,112067,1,0,0:0:0:0:
192,192,112166,1,0,0:0:0:0:
320,192,112265,1,0,0:0:0:0:
64,192,112265,1,0,0:0:0:0:
192,192,112363,1,0,0:0:0:0:
64,192,112462,1,0,0:0:0:0:
192,192,112561,1,0,0:0:0:0:
320,192,112659,1,0,0:0:0:0:
192,192,112758,1,0,0:0:0:0:
64,192,112857,1,0,0:0:0:0:
192,192,112956,1,0,0:0:0:0:
320,192,113054,1,0,0:0:0:0:
64,192,113054,128,0,114140:0:0:0:0:
192,192,113153,1,0,0:0:0:0:
320,192,113252,1,0,0:0:0:0:
192,192,113350,1,0,0:0:0:0:
320,192,113449,1,0,0:0:0:0:
192,192,113548,1,0,0:0:0:0:
320,192,113646,1,0,0:0:0:0:
192,192,113745,1,0,0:0:0:0:
320,192,113844,1,0,0:0:0:0:
192,192,113942,1,0,0:0:0:0:
320,192,114041,1,0,0:0:0:0:
192,192,114140,1,0,0:0:0:0:
448,192,114238,1,0,0:0:0:0:
320,192,114288,1,0,0:0:0:0:
192,192,114337,1,0,0:0:0:0:
64,192,114386,1,0,0:0:0:0:
192,192,114633,1,0,0:0:0:0:
320,192,114732,1,0,0:0:0:0:
192,192,114831,1,0,0:0:0:0:
64,192,114929,1,0,0:0:0:0:
448,192,115028,1,0,0:0:0:0:
320,192,115127,1,0,0:0:0:0:
192,192,115225,1,0,0:0:0:0:
64,192,115324,1,0,0:0:0:0:
448,192,115423,1,0,0:0:0:0:
320,192,115472,1,0,0:0:0:0:
448,192,115521,1,0,0:0:0:0:
64,192,115620,1,0,0:0:0:0:
192,192,115719,1,0,0:0:0:0:
448,192,115817,1,0,0:0:0:0:
320,192,115817,1,0,0:0:0:0:
64,192,115916,1,0,0:0:0:0:
320,192,116015,1,0,0:0:0:0:
192,192,116113,128,0,116311:0:0:0:0:
320,192,116311,1,0,0:0:0:0:
192,192,116409,1,0,0:0:0:0:
64,192,116508,1,0,0:0:0:0:
448,192,116607,1,0,0:0:0:0:
320,192,116607,1,0,0:0:0:0:
192,192,116706,1,0,0:0:0:0:
448,192,116804,1,0,0:0:0:0:
64,192,116903,128,0,117100:0:0:0:0:
320,192,117100,1,0,0:0:0:0:
192,192,117199,1,0,0:0:0:0:
64,192,117298,1,0,0:0:0:0:
448,192,117396,1,0,0:0:0:0:
320,192,117396,1,0,0:0:0:0:
192,192,117495,128,0,117692:0:0:0:0:
64,192,117692,1,0,0:0:0:0:
320,192,117791,1,0,0:0:0:0:
192,192,117890,1,0,0:0:0:0:
448,192,117988,1,0,0:0:0:0:
320,192,118087,1,0,0:0:0:0:
64,192,118186,1,0,0:0:0:0:
192,192,118186,1,0,0:0:0:0:
448,192,118284,1,0,0:0:0:0:
320,192,118383,1,0,0:0:0:0:
192,192,118482,1,0,0:0:0:0:
64,192,118531,1,0,0:0:0:0:
448,192,118581,1,0,0:0:0:0:
320,192,118679,1,0,0:0:0:0:
192,192,118778,1,0,0:0:0:0:
448,192,118877,1,0,0:0:0:0:
192,192,118975,1,0,0:0:0:0:
64,192,118975,1,0,0:0:0:0:
320,192,119074,1,0,0:0:0:0:
448,192,119173,1,0,0:0:0:0:
192,192,119271,128,0,119469:0:0:0:0:
320,192,119469,1,0,0:0:0:0:
192,192,119567,1,0,0:0:0:0:
64,192,119666,1,0,0:0:0:0:
320,192,119765,1,0,0:0:0:0:
192,192,119765,1,0,0:0:0:0:
448,192,119863,1,0,0:0:0:0:
320,192,119962,1,0,0:0:0:0:
64,192,120061,1,0,0:0:0:0:
448,192,120159,1,0,0:0:0:0:
192,192,120258,1,0,0:0:0:0:
320,192,120258,1,0,0:0:0:0:
448,192,120357,1,0,0:0:0:0:
64,192,120456,1,0,0:0:0:0:
320,192,120554,1,0,0:0:0:0:
192,192,120554,1,0,0:0:0:0:
64,192,120653,1,0,0:0:0:0:
448,192,120752,1,0,0:0:0:0:
192,192,120850,1,0,0:0:0:0:
320,192,120949,1,0,0:0:0:0:
448,192,120949,1,0,0:0:0:0:
64,192,121048,1,0,0:0:0:0:
448,192,121146,1,0,0:0:0:0:
320,192,121146,1,0,0:0:0:0:
192,192,121245,1,0,0:0:0:0:
64,192,121344,1,0,0:0:0:0:
448,192,121442,1,0,0:0:0:0:
192,192,121541,1,0,0:0:0:0:
64,192,121640,1,0,0:0:0:0:
448,192,121738,1,0,0:0:0:0:
192,192,121837,1,0,0:0:0:0:
64,192,121936,1,0,0:0:0:0:
448,192,122034,1,0,0:0:0:0:
320,192,122133,1,0,0:0:0:0:
192,192,122133,1,0,0:0:0:0:
448,192,122232,1,0,0:0:0:0:
320,192,122331,1,0,0:0:0:0:
64,192,122429,128,0,122725:0:0:0:0:
192,192,122429,1,0,0:0:0:0:
448,192,122429,1,0,0:0:0:0:
192,192,122725,1,0,0:0:0:0:
448,192,122725,1,0,0:0:0:0:
320,192,122791,1,0,0:0:0:0:
64,192,122857,1,0,0:0:0:0:
192,192,122923,1,0,0:0:0:0:
448,192,123021,1,0,0:0:0:0:
320,192,123120,1,0,0:0:0:0:
192,192,123219,128,0,123416:0:0:0:0:
64,192,123219,1,0,0:0:0:0:
320,192,123416,1,0,0:0:0:0:
192,192,123515,1,0,0:0:0:0:
64,192,123515,1,0,0:0:0:0:
448,192,123613,1,0,0:0:0:0:
320,192,123712,1,0,0:0:0:0:
192,192,123712,1,0,0:0:0:0:
448,192,123811,1,0,0:0:0:0:
320,192,123909,1,0,0:0:0:0:
192,192,124008,1,0,0:0:0:0:
64,192,124107,128,0,124304:0:0:0:0:
448,192,124107,128,0,124304:0:0:0:0:
192,192,124304,1,0,0:0:0:0:
448,192,124403,128,0,124600:0:0:0:0:
320,192,124403,128,0,124600:0:0:0:0:
64,192,124600,1,0,0:0:0:0:
192,192,124699,128,0,124896:0:0:0:0:
320,192,124699,128,0,124896:0:0:0:0:
448,192,124896,1,0,0:0:0:0:
192,192,124995,1,0,0:0:0:0:
64,192,124995,1,0,0:0:0:0:
192,192,125094,1,0,0:0:0:0:
64,192,125094,1,0,0:0:0:0:
448,192,125192,1,0,0:0:0:0:
64,192,125291,1,0,0:0:0:0:
192,192,125390,1,0,0:0:0:0:
320,192,125488,1,0,0:0:0:0:
448,192,125587,128,0,125686:0:0:0:0:
192,192,125587,128,0,125686:0:0:0:0:
64,192,125587,128,0,125686:0:0:0:0:
192,192,125883,128,0,125982:0:0:0:0:
64,192,125883,128,0,125982:0:0:0:0:
320,192,125883,128,0,125982:0:0:0:0:
64,192,126179,128,0,126278:0:0:0:0:
320,192,126179,128,0,126278:0:0:0:0:
448,192,126179,128,0,126278:0:0:0:0:
448,192,126475,128,0,126574:0:0:0:0:
192,192,126475,128,0,126574:0:0:0:0:
320,192,126475,128,0,126574:0:0:0:0:
64,192,126771,128,0,126870:0:0:0:0:
448,192,126771,128,0,126870:0:0:0:0:
192,192,126771,128,0,126870:0:0:0:0:
320,192,127067,128,0,127166:0:0:0:0:
192,192,127067,128,0,127166:0:0:0:0:
448,192,127067,128,0,127166:0:0:0:0:
64,192,127265,128,0,127363:0:0:0:0:
192,192,127265,128,0,127363:0:0:0:0:
320,192,127265,128,0,127363:0:0:0:0:
448,192,127265,128,0,127363:0:0:0:0:
64,192,127462,128,0,127561:0:0:0:0:
192,192,127462,128,0,127561:0:0:0:0:
320,192,127462,128,0,127561:0:0:0:0:
448,192,127462,128,0,127561:0:0:0:0:
